5.100000000000000089e-01,1.665798525798525631e+01
5.200000000000000178e-01,5.887831232312837670e+00
5.300000000000000266e-01,4.477696674776966645e+00
5.400000000000000355e-01,1.044394141145139798e+01
5.500000000000000444e-01,4.267348036578805903e+00
5.600000000000000533e-01,2.675179340028694508e+00
5.700000000000000622e-01,2.445911047345767475e+00
5.800000000000000711e-01,2.086576424139876096e+00
5.900000000000000799e-01,3.309776207302709050e+00
6.000000000000000888e-01,2.334729285073287475e+00
6.100000000000000977e-01,1.641497659906396178e+00
6.200000000000001066e-01,1.641894010661649528e+00
6.300000000000001155e-01,2.413090460018524119e+00
6.400000000000001243e-01,1.814187068424356619e+00
6.500000000000001332e-01,1.419243986254295598e+00
6.600000000000001421e-01,1.196913787319691336e+00
6.700000000000001510e-01,1.148062272275587992e+00
6.800000000000001599e-01,9.675785207700101642e-01
6.900000000000001688e-01,1.287138927097661645e+00
7.000000000000001776e-01,1.071632216678545912e+00
7.100000000000001865e-01,1.108771929824561298e+00
7.200000000000001954e-01,1.055319148936170182e+00
7.300000000000002043e-01,8.590825688073394639e-01
7.400000000000002132e-01,9.357997823721436736e-01
7.500000000000002220e-01,7.952036543585839778e-01
7.600000000000002309e-01,8.761028001534331144e-01
7.700000000000002398e-01,7.193937038476486689e-01
7.800000000000002487e-01,8.098727342846123722e-01
7.900000000000002576e-01,6.883169934640522847e-01
8.000000000000002665e-01,7.466135458167331151e-01
8.100000000000002753e-01,7.537223340040241082e-01
8.200000000000002842e-01,7.342995169082126017e-01
8.300000000000002931e-01,7.440201426772975468e-01
8.400000000000003020e-01,6.941846278975193352e-01
8.500000000000003109e-01,6.791171477079795959e-01
8.600000000000003197e-01,6.443123938879457002e-01
8.700000000000003286e-01,6.390584132519616656e-01
8.800000000000003375e-01,5.954365949978061012e-01
8.900000000000003464e-01,5.497287522603978571e-01
9.000000000000003553e-01,5.428832116788321338e-01
9.100000000000003642e-01,5.398351648351648047e-01
9.200000000000003730e-01,5.461644464859899406e-01
9.300000000000003819e-01,5.458352722196370133e-01
9.400000000000003908e-01,5.247201492537313383e-01
9.500000000000003997e-01,5.283194057567316415e-01
9.600000000000004086e-01,5.813953488372093359e-01
9.700000000000004174e-01,4.742268041237113207e-01
9.800000000000004263e-01,5.037348272642390157e-01
9.900000000000004352e-01,3.899204244031830302e-01
1.000000000000000444e+00,4.617334009123162941e-01
1.010000000000000453e+00,5.271037687145069262e-01
1.020000000000000462e+00,4.495317377731529729e-01
1.030000000000000471e+00,4.551971326164874765e-01
1.040000000000000480e+00,4.787847040335254101e-01
1.050000000000000488e+00,5.192604006163328290e-01
1.060000000000000497e+00,3.992183137911781143e-01
1.070000000000000506e+00,4.296577946768060929e-01
1.080000000000000515e+00,4.307196562835660658e-01
1.090000000000000524e+00,3.950138504155124575e-01
1.100000000000000533e+00,3.961111111111111360e-01
1.110000000000000542e+00,3.867816091954022761e-01
1.120000000000000551e+00,3.787185354691075534e-01
1.130000000000000560e+00,3.879813302217036131e-01
1.140000000000000568e+00,3.566552901023890554e-01
1.150000000000000577e+00,3.453070683661645379e-01
1.160000000000000586e+00,3.387824126268320080e-01
1.170000000000000595e+00,4.119601328903654269e-01
1.180000000000000604e+00,4.062857142857143056e-01
1.190000000000000613e+00,4.130938586326767248e-01
1.200000000000000622e+00,2.907462686567164334e-01
1.210000000000000631e+00,3.252574197456087335e-01
1.220000000000000639e+00,3.065830721003134918e-01
1.230000000000000648e+00,3.966704936854190677e-01
1.240000000000000657e+00,3.357100415923945369e-01
1.250000000000000666e+00,2.825676526117054665e-01
1.260000000000000675e+00,3.422818791946308781e-01
1.270000000000000684e+00,3.003708281829419180e-01
1.280000000000000693e+00,3.109137055837563612e-01
1.290000000000000702e+00,2.765416401780038114e-01
1.300000000000000711e+00,3.027098479841374701e-01
1.310000000000000719e+00,2.866578599735798982e-01
1.320000000000000728e+00,2.712802768166089895e-01
1.330000000000000737e+00,2.161981258366800496e-01
1.340000000000000746e+00,2.375404530744336662e-01
1.350000000000000755e+00,2.511566424322537738e-01
1.360000000000000764e+00,2.322274881516587786e-01
1.370000000000000773e+00,2.255378209576682780e-01
1.380000000000000782e+00,2.680822826808228476e-01
1.390000000000000790e+00,2.076271186440677985e-01
1.400000000000000799e+00,2.968127490039840777e-01
1.410000000000000808e+00,2.355021216407355011e-01
1.420000000000000817e+00,2.596418732782369010e-01
1.430000000000000826e+00,2.712550607287449456e-01
1.440000000000000835e+00,1.823573017049666400e-01
1.450000000000000844e+00,1.876379690949227241e-01
1.460000000000000853e+00,2.219827586206896686e-01
1.470000000000000862e+00,2.374631268436578069e-01
1.480000000000000870e+00,1.878834355828220837e-01
1.490000000000000879e+00,2.097953216374268959e-01
1.500000000000000888e+00,1.799844840961986048e-01
1.510000000000000897e+00,1.669291338582677142e-01
1.520000000000000906e+00,1.731800766283524973e-01
1.530000000000000915e+00,2.146596858638743499e-01
1.540000000000000924e+00,1.802641802641802571e-01
1.550000000000000933e+00,2.031842304776345642e-01
1.560000000000000941e+00,2.187500000000000000e-01
1.570000000000000950e+00,1.650339110776186946e-01
1.580000000000000959e+00,1.011608623548922031e-01
1.590000000000000968e+00,1.667930250189537666e-01
1.600000000000000977e+00,1.541501976284584963e-01
1.610000000000000986e+00,1.848998459167950636e-01
1.620000000000000995e+00,1.904382470119521942e-01
1.630000000000001004e+00,1.602990033222591315e-01
1.640000000000001013e+00,1.174055829228242975e-01
1.650000000000001021e+00,1.842948717948718063e-01
1.660000000000001030e+00,1.110147441457068479e-01
1.670000000000001039e+00,1.511528608027327136e-01
1.680000000000001048e+00,1.865369018653690314e-01
1.690000000000001057e+00,1.286644951140065163e-01
1.700000000000001066e+00,1.338983050847457612e-01
1.710000000000001075e+00,1.418861512319456175e-01
1.720000000000001084e+00,1.142355008787346166e-01
1.730000000000001092e+00,1.179001721170395839e-01
1.740000000000001101e+00,1.114106019766397115e-01
1.750000000000001110e+00,1.171941830624465414e-01
1.760000000000001119e+00,1.411870503597122406e-01
1.770000000000001128e+00,9.249084249084249532e-02
1.780000000000001137e+00,9.745390693590869069e-02
1.790000000000001146e+00,1.332737030411449142e-01
1.800000000000001155e+00,7.656826568265683031e-02
1.810000000000001164e+00,1.166666666666666685e-01
1.820000000000001172e+00,1.155729676787463217e-01
1.830000000000001181e+00,1.106032906764168183e-01
1.840000000000001190e+00,1.112140871177015738e-01
1.850000000000001199e+00,9.814814814814815103e-02
1.860000000000001208e+00,1.423423423423423317e-01
1.870000000000001217e+00,1.215970961887477275e-01
1.880000000000001226e+00,1.406533575317604479e-01
1.890000000000001235e+00,1.049085659287776751e-01
1.900000000000001243e+00,9.437751004016063650e-02
1.910000000000001252e+00,1.005639097744360916e-01
1.920000000000001261e+00,6.882989183874139993e-02
1.930000000000001270e+00,8.960915157292659305e-02
1.940000000000001279e+00,1.129785247432306267e-01
1.950000000000001288e+00,7.350096711798839721e-02
1.960000000000001297e+00,8.527918781725887798e-02
1.970000000000001306e+00,7.458292443572130115e-02
1.980000000000001315e+00,9.108527131782945263e-02
1.990000000000001323e+00,8.169014084507042472e-02
2.000000000000001332e+00,7.535641547861507417e-02
2.010000000000001119e+00,1.106719367588932801e-01
2.020000000000000906e+00,8.000000000000000167e-02
2.030000000000000693e+00,7.120418848167539561e-02
2.040000000000000480e+00,1.000000000000000056e-01
2.050000000000000266e+00,3.719447396386822702e-02
2.060000000000000053e+00,7.127659574468085679e-02
2.069999999999999840e+00,7.329317269076304764e-02
2.079999999999999627e+00,7.883817427385891863e-02
2.089999999999999414e+00,9.494324045407637191e-02
2.099999999999999201e+00,7.043756670224118888e-02
