5.100000000000000089e-01,6.257965056526207270e+00
5.200000000000000178e-01,7.607680332122470190e+00
5.300000000000000266e-01,4.353317346123101395e+00
5.400000000000000355e-01,4.582387898433279538e+00
5.500000000000000444e-01,4.457012358946802699e+00
5.600000000000000533e-01,2.820491345616973788e+00
5.700000000000000622e-01,3.138474528567407607e+00
5.800000000000000711e-01,3.811146404851284863e+00
5.900000000000000799e-01,2.185663924794359669e+00
6.000000000000000888e-01,1.765080327371930879e+00
6.100000000000000977e-01,1.457115628970775179e+00
6.200000000000001066e-01,1.698660018697413454e+00
6.300000000000001155e-01,1.406089743589743479e+00
6.400000000000001243e-01,1.873973468098547146e+00
6.500000000000001332e-01,1.495745351402458345e+00
6.600000000000001421e-01,1.110491803278688572e+00
6.700000000000001510e-01,1.092515592515592493e+00
6.800000000000001599e-01,1.209821428571428603e+00
6.900000000000001688e-01,1.125869262865090370e+00
7.000000000000001776e-01,1.009547383309759461e+00
7.100000000000001865e-01,1.039201960098004918e+00
7.200000000000001954e-01,1.043128654970760127e+00
7.300000000000002043e-01,8.007448789571695036e-01
7.400000000000002132e-01,9.298245614035087758e-01
7.500000000000002220e-01,9.522045201926639946e-01
7.600000000000002309e-01,8.447276940903823972e-01
7.700000000000002398e-01,8.906823184152604655e-01
7.800000000000002487e-01,9.175654853620954787e-01
7.900000000000002576e-01,7.514792899408283544e-01
8.000000000000002665e-01,9.270386266094420291e-01
8.100000000000002753e-01,7.279968140183193936e-01
8.200000000000002842e-01,6.655532359081419713e-01
8.300000000000002931e-01,7.610324729392172749e-01
8.400000000000003020e-01,7.284878863826231843e-01
8.500000000000003109e-01,6.524701873935263574e-01
8.600000000000003197e-01,7.148257034859303305e-01
8.700000000000003286e-01,6.728448275862068950e-01
8.800000000000003375e-01,5.886556498436802398e-01
8.900000000000003464e-01,5.916442048517520647e-01
9.000000000000003553e-01,5.773195876288659267e-01
9.100000000000003642e-01,6.115140525838621555e-01
9.200000000000003730e-01,6.262944619540747881e-01
9.300000000000003819e-01,6.190476190476190688e-01
9.400000000000003908e-01,5.764976958525345196e-01
9.500000000000003997e-01,5.460093896713614781e-01
9.600000000000004086e-01,5.560882070949184630e-01
9.700000000000004174e-01,5.529739776951673180e-01
9.800000000000004263e-01,5.309734513274336765e-01
9.900000000000004352e-01,5.144536991670749515e-01
1.000000000000000444e+00,4.489795918367346927e-01
1.010000000000000453e+00,4.131767109295199081e-01
1.020000000000000462e+00,4.757946210268948484e-01
1.030000000000000471e+00,4.541330645161290591e-01
1.040000000000000480e+00,4.181256436663233766e-01
1.050000000000000488e+00,4.607792207792207884e-01
1.060000000000000497e+00,3.867166577396893290e-01
1.070000000000000506e+00,4.166214014122759379e-01
1.080000000000000515e+00,3.969017094017093794e-01
1.090000000000000524e+00,3.921892189218921798e-01
1.100000000000000533e+00,4.144736842105263275e-01
1.110000000000000542e+00,4.173441734417344118e-01
1.120000000000000551e+00,4.191947049089906341e-01
1.130000000000000560e+00,3.497206703910614722e-01
1.140000000000000568e+00,4.341517857142856984e-01
1.150000000000000577e+00,3.846153846153846367e-01
1.160000000000000586e+00,3.825503355704698016e-01
1.170000000000000595e+00,3.705226071638285101e-01
1.180000000000000604e+00,3.110328638497652509e-01
1.190000000000000613e+00,3.719197707736389691e-01
1.200000000000000622e+00,3.331343283582089421e-01
1.210000000000000631e+00,3.175182481751824826e-01
1.220000000000000639e+00,3.703256936067551019e-01
1.230000000000000648e+00,2.704049844236759981e-01
1.240000000000000657e+00,2.564263322884012264e-01
1.250000000000000666e+00,3.053152039555006025e-01
1.260000000000000675e+00,2.572533849129594041e-01
1.270000000000000684e+00,3.068526379624014755e-01
1.280000000000000693e+00,3.199257425742574323e-01
1.290000000000000702e+00,2.616949152542372703e-01
1.300000000000000711e+00,2.848645076007931265e-01
1.310000000000000719e+00,2.421671018276762288e-01
1.320000000000000728e+00,2.701264138389886660e-01
1.330000000000000737e+00,2.345762711864406713e-01
1.340000000000000746e+00,2.575549450549450281e-01
1.350000000000000755e+00,2.941176470588235392e-01
1.360000000000000764e+00,2.671755725190839703e-01
1.370000000000000773e+00,2.812500000000000000e-01
1.380000000000000782e+00,2.318741450068399490e-01
1.390000000000000790e+00,2.268258426966292263e-01
1.400000000000000799e+00,2.163293789253314670e-01
1.410000000000000808e+00,2.451440053583389123e-01
1.420000000000000817e+00,2.094833687190374993e-01
1.430000000000000826e+00,2.129304286718201045e-01
1.440000000000000835e+00,1.682656826568265651e-01
1.450000000000000844e+00,1.701818181818181841e-01
1.460000000000000853e+00,1.418711656441717928e-01
1.470000000000000862e+00,1.976911976911976954e-01
1.480000000000000870e+00,1.777456647398844014e-01
1.490000000000000879e+00,1.959761549925484458e-01
1.500000000000000888e+00,1.897203325774754479e-01
1.510000000000000897e+00,2.007518796992481258e-01
1.520000000000000906e+00,2.035466461063993870e-01
1.530000000000000915e+00,1.497241922773837608e-01
1.540000000000000924e+00,1.846153846153846256e-01
1.550000000000000933e+00,1.975213013168086729e-01
1.560000000000000941e+00,1.647684130599848251e-01
1.570000000000000950e+00,1.639586410635155145e-01
1.580000000000000959e+00,1.703255109765329234e-01
1.590000000000000968e+00,1.619887730553327965e-01
1.600000000000000977e+00,1.655948553054662487e-01
1.610000000000000986e+00,1.791401273885350198e-01
1.620000000000000995e+00,1.310008136696501346e-01
1.630000000000001004e+00,1.423813488759367307e-01
1.640000000000001013e+00,1.402489626556016611e-01
1.650000000000001021e+00,1.000000000000000056e-01
1.660000000000001030e+00,1.138613861386138654e-01
1.670000000000001039e+00,1.327054794520547976e-01
1.680000000000001048e+00,1.202046035805626606e-01
1.690000000000001057e+00,1.397670549084858438e-01
1.700000000000001066e+00,1.302521008403361436e-01
1.710000000000001075e+00,1.134278565471226047e-01
1.720000000000001084e+00,1.292460646230323140e-01
1.730000000000001092e+00,1.196877710320902038e-01
1.740000000000001101e+00,1.122900088417329856e-01
1.750000000000001110e+00,9.435626102292768436e-02
1.760000000000001119e+00,1.030567685589519611e-01
1.770000000000001128e+00,1.416083916083916150e-01
1.780000000000001137e+00,1.356080489938757683e-01
1.790000000000001146e+00,1.414324569356301131e-01
1.800000000000001155e+00,1.158088235294117696e-01
1.810000000000001164e+00,1.279707495429616149e-01
1.820000000000001172e+00,1.020590868397493328e-01
1.830000000000001181e+00,1.039999999999999952e-01
1.840000000000001190e+00,1.102873030583873953e-01
1.850000000000001199e+00,1.224122412241224062e-01
1.860000000000001208e+00,1.126126126126126142e-01
1.870000000000001217e+00,9.395973154362416424e-02
1.880000000000001226e+00,6.869479882237487789e-02
1.890000000000001235e+00,1.114180478821362869e-01
1.900000000000001243e+00,6.451612903225806273e-02
1.910000000000001252e+00,9.383886255924170361e-02
1.920000000000001261e+00,1.026871401151631530e-01
1.930000000000001270e+00,1.074297188755020116e-01
1.940000000000001279e+00,7.483629560336763076e-02
1.950000000000001288e+00,1.062801932367149760e-01
1.960000000000001297e+00,9.365558912386706680e-02
1.970000000000001306e+00,7.751196172248803196e-02
1.980000000000001315e+00,8.897485493230174181e-02
1.990000000000001323e+00,8.373904576436222436e-02
2.000000000000001332e+00,8.113804004214962562e-02
2.010000000000001119e+00,7.038123167155425908e-02
2.020000000000000906e+00,9.460834181078331406e-02
2.030000000000000693e+00,9.459459459459459985e-02
2.040000000000000480e+00,9.657947686116699626e-02
2.050000000000000266e+00,7.036669970267592222e-02
2.060000000000000053e+00,7.873210633946829684e-02
2.069999999999999840e+00,5.777310924369748191e-02
2.079999999999999627e+00,7.135135135135135809e-02
2.089999999999999414e+00,7.572614107883816892e-02
2.099999999999999201e+00,1.008902077151335314e-01
