5.100000000000000089e-01,8.229215229215229854e+00
5.200000000000000178e-01,6.073573167433053754e+00
5.300000000000000266e-01,1.363207070707070656e+01
5.400000000000000355e-01,3.917744154057771766e+00
5.500000000000000444e-01,5.322386425834701562e+00
5.600000000000000533e-01,3.263778448039484470e+00
5.700000000000000622e-01,3.187837453822108369e+00
5.800000000000000711e-01,2.947874199184624455e+00
5.900000000000000799e-01,1.895481927710843451e+00
6.000000000000000888e-01,2.570995145631068013e+00
6.100000000000000977e-01,1.834738109572546572e+00
6.200000000000001066e-01,2.080630213160333586e+00
6.300000000000001155e-01,1.894933167547404373e+00
6.400000000000001243e-01,1.560414642047295075e+00
6.500000000000001332e-01,1.338699080157687238e+00
6.600000000000001421e-01,1.178763440860215006e+00
6.700000000000001510e-01,1.534053700065487913e+00
6.800000000000001599e-01,1.098811544991511013e+00
6.900000000000001688e-01,1.025254296737986737e+00
7.000000000000001776e-01,1.128481894150417775e+00
7.100000000000001865e-01,1.203349282296650724e+00
7.200000000000001954e-01,1.189338871581862245e+00
7.300000000000002043e-01,1.033564392557460687e+00
7.400000000000002132e-01,1.006481814908174233e+00
7.500000000000002220e-01,8.852336448598130403e-01
7.600000000000002309e-01,8.573613766730401320e-01
7.700000000000002398e-01,8.407789232531500678e-01
7.800000000000002487e-01,8.503875968992248291e-01
7.900000000000002576e-01,8.158307210031348067e-01
8.000000000000002665e-01,7.246963562753035992e-01
8.100000000000002753e-01,8.162863886703383143e-01
8.200000000000002842e-01,7.524793388429752428e-01
8.300000000000002931e-01,7.261513157894736725e-01
8.400000000000003020e-01,6.592300962379702423e-01
8.500000000000003109e-01,7.684478371501272109e-01
8.600000000000003197e-01,6.017582417582417742e-01
8.700000000000003286e-01,6.932253941201533820e-01
8.800000000000003375e-01,6.336149399733215226e-01
8.900000000000003464e-01,5.769230769230768718e-01
9.000000000000003553e-01,5.515653775322283403e-01
9.100000000000003642e-01,5.860238832375055384e-01
9.200000000000003730e-01,5.985233041070604498e-01
9.300000000000003819e-01,6.018181818181818077e-01
9.400000000000003908e-01,5.379688929551692533e-01
9.500000000000003997e-01,4.657469077069457675e-01
9.600000000000004086e-01,5.130765572990965140e-01
9.700000000000004174e-01,5.055636187711659568e-01
9.800000000000004263e-01,4.611298889425398118e-01
9.900000000000004352e-01,4.327689243027888488e-01
1.000000000000000444e+00,5.032035485460818469e-01
1.010000000000000453e+00,4.840920215369554636e-01
1.020000000000000462e+00,5.263681592039800572e-01
1.030000000000000471e+00,3.971138428647781882e-01
1.040000000000000480e+00,3.519522776572668321e-01
1.050000000000000488e+00,5.054187192118226868e-01
1.060000000000000497e+00,4.562598218962807817e-01
1.070000000000000506e+00,4.245989304812834431e-01
1.080000000000000515e+00,4.437299035369774991e-01
1.090000000000000524e+00,4.523548740416210023e-01
1.100000000000000533e+00,3.830016137708445179e-01
1.110000000000000542e+00,3.786949247071946245e-01
1.120000000000000551e+00,3.824346859366314355e-01
1.130000000000000560e+00,3.766016713091921986e-01
1.140000000000000568e+00,3.496304718590108052e-01
1.150000000000000577e+00,3.652222847495779634e-01
1.160000000000000586e+00,3.379469434832756414e-01
1.170000000000000595e+00,3.275862068965517127e-01
1.180000000000000604e+00,3.060109289617486406e-01
1.190000000000000613e+00,2.767257177764202991e-01
1.200000000000000622e+00,3.186750428326670659e-01
1.210000000000000631e+00,3.058479532163742576e-01
1.220000000000000639e+00,2.935617247489663573e-01
1.230000000000000648e+00,2.922118380062305176e-01
1.240000000000000657e+00,2.899371069182389848e-01
1.250000000000000666e+00,3.133126934984520329e-01
1.260000000000000675e+00,2.548512289780077711e-01
1.270000000000000684e+00,3.302696078431372473e-01
1.280000000000000693e+00,2.519531250000000000e-01
1.290000000000000702e+00,2.965116279069767713e-01
1.300000000000000711e+00,3.445218492716909386e-01
1.310000000000000719e+00,2.911633820724729982e-01
1.320000000000000728e+00,2.577251808021038815e-01
1.330000000000000737e+00,2.831325301204819511e-01
1.340000000000000746e+00,2.390276839972991230e-01
1.350000000000000755e+00,2.236662106703146413e-01
1.360000000000000764e+00,2.206185567010309212e-01
1.370000000000000773e+00,2.196327683615819093e-01
1.380000000000000782e+00,2.219159200551343858e-01
1.390000000000000790e+00,2.145328719723183508e-01
1.400000000000000799e+00,1.689530685920577480e-01
1.410000000000000808e+00,2.275664034458004248e-01
1.420000000000000817e+00,2.008797653958944163e-01
1.430000000000000826e+00,2.658137882018479226e-01
1.440000000000000835e+00,1.927621861152141736e-01
1.450000000000000844e+00,1.826280623608017850e-01
1.460000000000000853e+00,1.802575107296137402e-01
1.470000000000000862e+00,1.693486590038314199e-01
1.480000000000000870e+00,1.524105754276827429e-01
1.490000000000000879e+00,1.898181818181818303e-01
1.500000000000000888e+00,1.945495836487509400e-01
1.510000000000000897e+00,2.160356347438752711e-01
1.520000000000000906e+00,1.951577402787967597e-01
1.530000000000000915e+00,2.004590665646518721e-01
1.540000000000000924e+00,1.344211344211344306e-01
1.550000000000000933e+00,1.702296120348376907e-01
1.560000000000000941e+00,1.654901960784313786e-01
1.570000000000000950e+00,1.738794435857805298e-01
1.580000000000000959e+00,1.341853035143769912e-01
1.590000000000000968e+00,1.984674329501915635e-01
1.600000000000000977e+00,1.968627450980392213e-01
1.610000000000000986e+00,1.438679245283018826e-01
1.620000000000000995e+00,1.662591687041564681e-01
1.630000000000001004e+00,1.511535401750198904e-01
1.640000000000001013e+00,1.760956175298804827e-01
1.650000000000001021e+00,1.466101694915254161e-01
1.660000000000001030e+00,1.649065800162469453e-01
1.670000000000001039e+00,1.876465989053948402e-01
1.680000000000001048e+00,1.661101836393990006e-01
1.690000000000001057e+00,1.178396072013093293e-01
1.700000000000001066e+00,1.484375000000000000e-01
1.710000000000001075e+00,1.342905405405405428e-01
1.720000000000001084e+00,1.615120274914089438e-01
1.730000000000001092e+00,1.164383561643835552e-01
1.740000000000001101e+00,1.270527225583405473e-01
1.750000000000001110e+00,1.158167675021607584e-01
1.760000000000001119e+00,1.612903225806451568e-01
1.770000000000001128e+00,1.052173913043478320e-01
1.780000000000001137e+00,9.783631232361242325e-02
1.790000000000001146e+00,1.160877513711151693e-01
1.800000000000001155e+00,1.357142857142857040e-01
1.810000000000001164e+00,1.066433566433566404e-01
1.820000000000001172e+00,1.142587346553352173e-01
1.830000000000001181e+00,9.269662921348315043e-02
1.840000000000001190e+00,8.823529411764706454e-02
1.850000000000001199e+00,1.231203007518796994e-01
1.860000000000001208e+00,1.168708765315739917e-01
1.870000000000001217e+00,9.428830462375339949e-02
1.880000000000001226e+00,1.106906338694418207e-01
1.890000000000001235e+00,1.082375478927203039e-01
1.900000000000001243e+00,1.380597014925373234e-01
1.910000000000001252e+00,1.052104208416833608e-01
1.920000000000001261e+00,7.909604519774011966e-02
1.930000000000001270e+00,1.097895699908508632e-01
1.940000000000001279e+00,8.175473579262212964e-02
1.950000000000001288e+00,9.934395501405811346e-02
1.960000000000001297e+00,9.082217973231357377e-02
1.970000000000001306e+00,8.416833667334669422e-02
1.980000000000001315e+00,1.004784688995215280e-01
1.990000000000001323e+00,8.971774193548387455e-02
2.000000000000001332e+00,8.633093525179856564e-02
2.010000000000001119e+00,8.268482490272373309e-02
2.020000000000000906e+00,7.504873294346978141e-02
2.030000000000000693e+00,7.456588355464760509e-02
2.040000000000000480e+00,7.853403141361256501e-02
2.050000000000000266e+00,8.549471661863593253e-02
2.060000000000000053e+00,7.113821138211381956e-02
2.069999999999999840e+00,5.781584582441113424e-02
2.079999999999999627e+00,7.662463627546071965e-02
2.089999999999999414e+00,5.900621118012422395e-02
2.099999999999999201e+00,8.844953173777314603e-02
