5.100000000000000089e-01,2.023188756966319346e+01
5.200000000000000178e-01,5.725398068389454309e+00
5.300000000000000266e-01,6.009497964721845165e+00
5.400000000000000355e-01,5.502837071061875029e+00
5.500000000000000444e-01,5.343809784094014859e+00
5.600000000000000533e-01,3.231575963718821054e+00
5.700000000000000622e-01,2.477531285551763496e+00
5.800000000000000711e-01,2.301964233362650436e+00
5.900000000000000799e-01,1.809425625920471292e+00
6.000000000000000888e-01,2.266312370829642653e+00
6.100000000000000977e-01,1.859494056690033537e+00
6.200000000000001066e-01,1.520061728395061706e+00
6.300000000000001155e-01,1.348233823069709292e+00
6.400000000000001243e-01,1.629164047768698831e+00
6.500000000000001332e-01,1.351315351315351299e+00
6.600000000000001421e-01,1.304755525787006043e+00
6.700000000000001510e-01,1.476448661470687984e+00
6.800000000000001599e-01,1.173342541436463993e+00
6.900000000000001688e-01,1.261455525606469008e+00
7.000000000000001776e-01,1.083743842364532028e+00
7.100000000000001865e-01,9.420135183208822038e-01
7.200000000000001954e-01,9.878701391366393469e-01
7.300000000000002043e-01,8.871794871794871362e-01
7.400000000000002132e-01,9.925428784489187528e-01
7.500000000000002220e-01,8.839218632607062087e-01
7.600000000000002309e-01,8.638443935926773953e-01
7.700000000000002398e-01,8.514071294559099057e-01
7.800000000000002487e-01,8.483300589390962987e-01
7.900000000000002576e-01,8.997659906396255902e-01
8.000000000000002665e-01,8.614186141861418511e-01
8.100000000000002753e-01,6.451612903225806273e-01
8.200000000000002842e-01,7.587755102040816269e-01
8.300000000000002931e-01,7.024349979364423735e-01
8.400000000000003020e-01,6.382795698924731420e-01
8.500000000000003109e-01,6.002495840266223182e-01
8.600000000000003197e-01,5.414788097385031529e-01
8.700000000000003286e-01,5.520000000000000462e-01
8.800000000000003375e-01,6.749672346002620893e-01
8.900000000000003464e-01,6.832518880497556735e-01
9.000000000000003553e-01,5.813439434129089589e-01
9.100000000000003642e-01,5.244565217391304879e-01
9.200000000000003730e-01,5.788986580286904493e-01
9.300000000000003819e-01,5.523897058823529216e-01
9.400000000000003908e-01,5.665094339622641639e-01
9.500000000000003997e-01,5.378787878787878451e-01
9.600000000000004086e-01,6.233583489681050471e-01
9.700000000000004174e-01,6.139359698681732258e-01
9.800000000000004263e-01,4.649122807017543879e-01
9.900000000000004352e-01,5.055961070559610304e-01
1.000000000000000444e+00,4.532994923857868175e-01
1.010000000000000453e+00,4.637254901960784492e-01
1.020000000000000462e+00,4.327330508474576121e-01
1.030000000000000471e+00,4.498945147679324630e-01
1.040000000000000480e+00,4.189406099518458992e-01
1.050000000000000488e+00,4.622592399791775053e-01
1.060000000000000497e+00,3.926446727961059868e-01
1.070000000000000506e+00,4.196617336152219657e-01
1.080000000000000515e+00,4.439678284182305701e-01
1.090000000000000524e+00,3.710830126443100396e-01
1.100000000000000533e+00,3.906161673261729916e-01
1.110000000000000542e+00,4.516307352128247632e-01
1.120000000000000551e+00,3.608477412158394015e-01
1.130000000000000560e+00,3.899264289756649848e-01
1.140000000000000568e+00,3.356321839080460001e-01
1.150000000000000577e+00,3.478015783540022721e-01
1.160000000000000586e+00,3.800554016620498743e-01
1.170000000000000595e+00,3.194192377495462809e-01
1.180000000000000604e+00,2.895683453237409832e-01
1.190000000000000613e+00,3.542154566744730726e-01
1.200000000000000622e+00,2.858017135862913061e-01
1.210000000000000631e+00,2.595611285266457569e-01
1.220000000000000639e+00,2.766367137355584260e-01
1.230000000000000648e+00,3.136507936507936245e-01
1.240000000000000657e+00,2.746305418719212077e-01
1.250000000000000666e+00,2.884238064094178933e-01
1.260000000000000675e+00,3.020637898686679423e-01
1.270000000000000684e+00,2.596825396825396814e-01
1.280000000000000693e+00,2.589403973509933898e-01
1.290000000000000702e+00,2.751256281407035154e-01
1.300000000000000711e+00,2.851662404092071834e-01
1.310000000000000719e+00,2.001414427157001408e-01
1.320000000000000728e+00,2.687957418496340622e-01
1.330000000000000737e+00,2.889879057924888417e-01
1.340000000000000746e+00,2.382573179033355970e-01
1.350000000000000755e+00,2.156726768377253689e-01
1.360000000000000764e+00,2.510638297872340163e-01
1.370000000000000773e+00,2.362258953168044073e-01
1.380000000000000782e+00,2.247799593771157844e-01
1.390000000000000790e+00,2.191126279863481185e-01
1.400000000000000799e+00,2.336244541484716053e-01
1.410000000000000808e+00,2.043692741367159893e-01
1.420000000000000817e+00,2.048885693745506886e-01
1.430000000000000826e+00,2.249459264599855679e-01
1.440000000000000835e+00,2.169035153328346954e-01
1.450000000000000844e+00,2.265112891478514301e-01
1.460000000000000853e+00,2.220630372492836679e-01
1.470000000000000862e+00,2.230320699708454868e-01
1.480000000000000870e+00,2.487046632124352286e-01
1.490000000000000879e+00,2.215657311669128604e-01
1.500000000000000888e+00,1.829362029208301266e-01
1.510000000000000897e+00,1.490166414523449445e-01
1.520000000000000906e+00,2.330447330447330545e-01
1.530000000000000915e+00,1.447067783701447008e-01
1.540000000000000924e+00,1.719109746738296252e-01
1.550000000000000933e+00,1.899613899613899481e-01
1.560000000000000941e+00,1.918238993710691953e-01
1.570000000000000950e+00,1.497584541062801922e-01
1.580000000000000959e+00,1.578947368421052544e-01
1.590000000000000968e+00,1.703590527119938913e-01
1.600000000000000977e+00,1.361464968152866217e-01
1.610000000000000986e+00,1.722488038277512068e-01
1.620000000000000995e+00,1.533596837944664060e-01
1.630000000000001004e+00,1.575456053067993412e-01
1.640000000000001013e+00,1.551577152600170373e-01
1.650000000000001021e+00,1.238570241064006622e-01
1.660000000000001030e+00,1.292517006802721136e-01
1.670000000000001039e+00,1.054925893635570988e-01
1.680000000000001048e+00,1.326616288832913604e-01
1.690000000000001057e+00,1.264069264069264120e-01
1.700000000000001066e+00,1.618398637137989649e-01
1.710000000000001075e+00,9.974204643164230610e-02
1.720000000000001084e+00,1.162185602775368670e-01
1.730000000000001092e+00,1.064543168482816465e-01
1.740000000000001101e+00,1.136563876651982413e-01
1.750000000000001110e+00,1.489361702127659504e-01
1.760000000000001119e+00,1.096136567834680997e-01
1.770000000000001128e+00,1.262798634812286602e-01
1.780000000000001137e+00,1.023339317773788171e-01
1.790000000000001146e+00,1.395759717314487558e-01
1.800000000000001155e+00,9.245283018867923863e-02
1.810000000000001164e+00,1.242937853107344698e-01
1.820000000000001172e+00,1.278659611992945255e-01
1.830000000000001181e+00,1.051236749116607749e-01
1.840000000000001190e+00,9.719626168224299034e-02
1.850000000000001199e+00,8.997188378631677808e-02
1.860000000000001208e+00,9.289099526066350865e-02
1.870000000000001217e+00,9.563602599814298444e-02
1.880000000000001226e+00,1.266726137377341688e-01
1.890000000000001235e+00,1.263736263736263687e-01
1.900000000000001243e+00,9.257473481195757636e-02
1.910000000000001252e+00,1.164319248826291148e-01
1.920000000000001261e+00,1.482176360225140599e-01
1.930000000000001270e+00,7.907907907907907319e-02
1.940000000000001279e+00,8.439646712463198808e-02
1.950000000000001288e+00,1.020408163265306145e-01
1.960000000000001297e+00,1.013513513513513570e-01
1.970000000000001306e+00,9.716981132075472316e-02
1.980000000000001315e+00,1.067044381491973615e-01
1.990000000000001323e+00,6.494845360824742786e-02
2.000000000000001332e+00,8.211143695014662403e-02
2.010000000000001119e+00,9.056244041944709611e-02
2.020000000000000906e+00,9.689557855126998409e-02
2.030000000000000693e+00,6.559031281533804492e-02
2.040000000000000480e+00,6.205493387589013088e-02
2.050000000000000266e+00,5.729166666666666435e-02
2.060000000000000053e+00,5.962343096234309914e-02
2.069999999999999840e+00,1.093439363817097359e-01
2.079999999999999627e+00,1.024875621890547206e-01
2.089999999999999414e+00,8.062930186823992484e-02
2.099999999999999201e+00,6.263048016701461274e-02
