5.100000000000000089e-01,1.013864381144441573e+01
5.200000000000000178e-01,4.836108908273856422e+00
5.300000000000000266e-01,5.563740856844304972e+00
5.400000000000000355e-01,3.978176795580110614e+00
5.500000000000000444e-01,2.557159026598755158e+00
5.600000000000000533e-01,2.452984234234234062e+00
5.700000000000000622e-01,6.457449738364086755e+00
5.800000000000000711e-01,2.897843359818388365e+00
5.900000000000000799e-01,3.339163949006819010e+00
6.000000000000000888e-01,1.994976359338061389e+00
6.100000000000000977e-01,2.132802937576499414e+00
6.200000000000001066e-01,1.971796443899448192e+00
6.300000000000001155e-01,1.539092055485498101e+00
6.400000000000001243e-01,1.937358000649139989e+00
6.500000000000001332e-01,1.391474129515131830e+00
6.600000000000001421e-01,1.245585349901896732e+00
6.700000000000001510e-01,1.181724845995893114e+00
6.800000000000001599e-01,1.062390466175955117e+00
6.900000000000001688e-01,1.163710777626193682e+00
7.000000000000001776e-01,1.001397624039133571e+00
7.100000000000001865e-01,1.002103786816269215e+00
7.200000000000001954e-01,1.010189228529839944e+00
7.300000000000002043e-01,9.220636663007684142e-01
7.400000000000002132e-01,8.544565626175253392e-01
7.500000000000002220e-01,8.876362269823374618e-01
7.600000000000002309e-01,9.169854628921193518e-01
7.700000000000002398e-01,8.429561200923787467e-01
7.800000000000002487e-01,7.909270216962525080e-01
7.900000000000002576e-01,7.385858585858585679e-01
8.000000000000002665e-01,7.379337854008775066e-01
8.100000000000002753e-01,6.861590239798064372e-01
8.200000000000002842e-01,7.228571428571428648e-01
8.300000000000002931e-01,6.579173838209982916e-01
8.400000000000003020e-01,6.356107660455486696e-01
8.500000000000003109e-01,7.345169281585466337e-01
8.600000000000003197e-01,5.904677846425419041e-01
8.700000000000003286e-01,6.114483954900260532e-01
8.800000000000003375e-01,6.400000000000000133e-01
8.900000000000003464e-01,5.659863945578231803e-01
9.000000000000003553e-01,5.949886104783599361e-01
9.100000000000003642e-01,6.444444444444444864e-01
9.200000000000003730e-01,5.795197100135931478e-01
9.300000000000003819e-01,5.500459136822772876e-01
9.400000000000003908e-01,5.972911963882618913e-01
9.500000000000003997e-01,5.769770706598034149e-01
9.600000000000004086e-01,5.420470927438731934e-01
9.700000000000004174e-01,4.656641604010025026e-01
9.800000000000004263e-01,5.147129763627592558e-01
9.900000000000004352e-01,4.359493670886075978e-01
1.000000000000000444e+00,4.889669007021062996e-01
1.010000000000000453e+00,4.435857805255022934e-01
1.020000000000000462e+00,4.895418326693227185e-01
1.030000000000000471e+00,4.702290076335877700e-01
1.040000000000000480e+00,5.223658051689861193e-01
1.050000000000000488e+00,4.067885117493472702e-01
1.060000000000000497e+00,5.067130780706116111e-01
1.070000000000000506e+00,4.341968911917098439e-01
1.080000000000000515e+00,4.025559105431310014e-01
1.090000000000000524e+00,4.474666666666666792e-01
1.100000000000000533e+00,3.398876404494381998e-01
1.110000000000000542e+00,3.985385047779651524e-01
1.120000000000000551e+00,3.817174515235456922e-01
1.130000000000000560e+00,4.185022026431717834e-01
1.140000000000000568e+00,3.850056369785794796e-01
1.150000000000000577e+00,3.657243816254416857e-01
1.160000000000000586e+00,3.629935179728933647e-01
1.170000000000000595e+00,3.038277511961722244e-01
1.180000000000000604e+00,3.282858873410054446e-01
1.190000000000000613e+00,3.308823529411764608e-01
1.200000000000000622e+00,3.448883666274970561e-01
1.210000000000000631e+00,3.041848844472204716e-01
1.220000000000000639e+00,3.829282750444576444e-01
1.230000000000000648e+00,2.811145510835913464e-01
1.240000000000000657e+00,3.355421686746987708e-01
1.250000000000000666e+00,3.504477611940298720e-01
1.260000000000000675e+00,3.072139303482587236e-01
1.270000000000000684e+00,3.440729483282674583e-01
1.280000000000000693e+00,3.248762376237623872e-01
1.290000000000000702e+00,2.787206266318537629e-01
1.300000000000000711e+00,2.968750000000000000e-01
1.310000000000000719e+00,2.179575051405071850e-01
1.320000000000000728e+00,2.221489782465392304e-01
1.330000000000000737e+00,2.476255088195386811e-01
1.340000000000000746e+00,2.274819197896121026e-01
1.350000000000000755e+00,2.352551358515573288e-01
1.360000000000000764e+00,2.833787465940054706e-01
1.370000000000000773e+00,2.175957018132975151e-01
1.380000000000000782e+00,2.393282015395381268e-01
1.390000000000000790e+00,2.639836289222373678e-01
1.400000000000000799e+00,2.349963846710050597e-01
1.410000000000000808e+00,2.070226773957571376e-01
1.420000000000000817e+00,2.479395604395604469e-01
1.430000000000000826e+00,2.044476327116212244e-01
1.440000000000000835e+00,1.871212121212121327e-01
1.450000000000000844e+00,2.007017543859649089e-01
1.460000000000000853e+00,2.271088680605623522e-01
1.470000000000000862e+00,1.794310722100656563e-01
1.480000000000000870e+00,2.002945508100147376e-01
1.490000000000000879e+00,1.654778887303851587e-01
1.500000000000000888e+00,2.255414488424197228e-01
1.510000000000000897e+00,2.037983929875821776e-01
1.520000000000000906e+00,2.139673105497771066e-01
1.530000000000000915e+00,1.585081585081584976e-01
1.540000000000000924e+00,1.802067946824224554e-01
1.550000000000000933e+00,1.725768321513002357e-01
1.560000000000000941e+00,2.326996197718631254e-01
1.570000000000000950e+00,1.648264984227129359e-01
1.580000000000000959e+00,1.770412287793047823e-01
1.590000000000000968e+00,1.974522292993630690e-01
1.600000000000000977e+00,1.594658287509819194e-01
1.610000000000000986e+00,1.612390786338363802e-01
1.620000000000000995e+00,1.163366336633663428e-01
1.630000000000001004e+00,1.573033707865168496e-01
1.640000000000001013e+00,1.346153846153846090e-01
1.650000000000001021e+00,2.141230068337129921e-01
1.660000000000001030e+00,1.275890637945318873e-01
1.670000000000001039e+00,1.642512077294686068e-01
1.680000000000001048e+00,1.287375415282392133e-01
1.690000000000001057e+00,1.273031825795644945e-01
1.700000000000001066e+00,1.411359724612736566e-01
1.710000000000001075e+00,1.428571428571428492e-01
1.720000000000001084e+00,1.115013169446883168e-01
1.730000000000001092e+00,1.747491638795986568e-01
1.740000000000001101e+00,1.212381771281169363e-01
1.750000000000001110e+00,1.329879101899827387e-01
1.760000000000001119e+00,1.613183000867302597e-01
1.770000000000001128e+00,1.037489102005230979e-01
1.780000000000001137e+00,1.344319167389418923e-01
1.790000000000001146e+00,1.225749559082892348e-01
1.800000000000001155e+00,1.422338568935427594e-01
1.810000000000001164e+00,1.134941912421805199e-01
1.820000000000001172e+00,9.929789368104312286e-02
1.830000000000001181e+00,1.020036429872495515e-01
1.840000000000001190e+00,7.843137254901960675e-02
1.850000000000001199e+00,1.351590106007067027e-01
1.860000000000001208e+00,8.627450980392156743e-02
1.870000000000001217e+00,8.891013384321223845e-02
1.880000000000001226e+00,6.340057636887608261e-02
1.890000000000001235e+00,9.887005649717514610e-02
1.900000000000001243e+00,1.202651515151515194e-01
1.910000000000001252e+00,1.093750000000000000e-01
1.920000000000001261e+00,1.050691244239631283e-01
1.930000000000001270e+00,9.302325581395348708e-02
1.940000000000001279e+00,7.809330628803246022e-02
1.950000000000001288e+00,8.420056764427624740e-02
1.960000000000001297e+00,8.510638297872340219e-02
1.970000000000001306e+00,9.377990430622010209e-02
1.980000000000001315e+00,1.151631477927063385e-01
1.990000000000001323e+00,6.505771248688352326e-02
2.000000000000001332e+00,9.625126646403242558e-02
2.010000000000001119e+00,5.413687436159346500e-02
2.020000000000000906e+00,8.980827447023208288e-02
2.030000000000000693e+00,9.297725024727991616e-02
2.040000000000000480e+00,7.467204843592331609e-02
2.050000000000000266e+00,1.011011011011010985e-01
2.060000000000000053e+00,4.842105263157894801e-02
2.069999999999999840e+00,6.128702757916241334e-02
2.079999999999999627e+00,9.788092835519676682e-02
2.089999999999999414e+00,8.565531475748193457e-02
2.099999999999999201e+00,5.720338983050847481e-02
