5.100000000000000089e-01,2.490954256670902112e+02
5.200000000000000178e-01,2.391553119290002485e+02
5.300000000000000266e-01,2.349788297172912621e+02
5.400000000000000355e-01,2.318463736562797521e+02
5.500000000000000444e-01,2.346417725013804443e+02
5.600000000000000533e-01,2.135714487832484565e+02
5.700000000000000622e-01,2.118217065232772143e+02
5.800000000000000711e-01,2.192335724533715791e+02
5.900000000000000799e-01,2.155605882352941194e+02
6.000000000000000888e-01,2.022302300777083701e+02
6.100000000000000977e-01,2.042029372496662347e+02
6.200000000000001066e-01,1.847812744637544995e+02
6.300000000000001155e-01,1.862641802641802542e+02
6.400000000000001243e-01,1.904604555520404858e+02
6.500000000000001332e-01,1.852506385696040923e+02
6.600000000000001421e-01,1.640558359107927799e+02
6.700000000000001510e-01,1.573507133152174049e+02
6.800000000000001599e-01,1.697472620050547505e+02
6.900000000000001688e-01,1.601870307167235410e+02
7.000000000000001776e-01,1.669407677609866312e+02
7.100000000000001865e-01,1.539582021685904181e+02
7.200000000000001954e-01,1.403519452449567666e+02
7.300000000000002043e-01,1.432480197148389323e+02
7.400000000000002132e-01,1.396841816184547724e+02
7.500000000000002220e-01,1.370985703536493645e+02
7.600000000000002309e-01,1.124202342100211212e+02
7.700000000000002398e-01,1.118951021982259988e+02
7.800000000000002487e-01,1.140143047873354902e+02
7.900000000000002576e-01,1.076594245449207250e+02
8.000000000000002665e-01,1.172533514668739087e+02
8.100000000000002753e-01,8.690322580645161565e+01
8.200000000000002842e-01,7.734336320956039401e+01
8.300000000000002931e-01,1.030868501529051997e+02
8.400000000000003020e-01,8.716454134101192608e+01
8.500000000000003109e-01,7.694939965694682371e+01
8.600000000000003197e-01,6.932781954887218490e+01
8.700000000000003286e-01,6.908138286450504495e+01
8.800000000000003375e-01,5.460576077396657979e+01
8.900000000000003464e-01,6.569917058955391553e+01
9.000000000000003553e-01,5.271200365130077614e+01
9.100000000000003642e-01,5.054201585503963656e+01
9.200000000000003730e-01,4.662514524750174161e+01
9.300000000000003819e-01,4.816797415782187386e+01
9.400000000000003908e-01,2.653899191631003163e+01
9.500000000000003997e-01,2.983148454094878588e+01
9.600000000000004086e-01,4.386187587494166706e+01
9.700000000000004174e-01,2.241011505273250393e+01
9.800000000000004263e-01,3.044655004859086489e+01
9.900000000000004352e-01,1.414268020807530313e+01
1.000000000000000444e+00,3.031829209121785595e+01
1.010000000000000453e+00,2.348606965174129257e+01
1.020000000000000462e+00,2.636511511511511685e+01
1.030000000000000471e+00,1.012014925373134311e+01
1.040000000000000480e+00,6.185243328100471061e+00
1.050000000000000488e+00,4.894889357218124459e+00
1.060000000000000497e+00,4.242734122712594313e+00
1.070000000000000506e+00,4.107431340872374825e+00
1.080000000000000515e+00,5.449159548084871574e+00
1.090000000000000524e+00,5.061526061257388243e+00
1.100000000000000533e+00,4.111952406706327778e+00
1.110000000000000542e+00,5.804264625478403161e+00
1.120000000000000551e+00,2.375709421112372155e+00
1.130000000000000560e+00,3.125107851596203634e+00
1.140000000000000568e+00,2.045312942509204035e+00
1.150000000000000577e+00,2.296062086806553548e+00
1.160000000000000586e+00,1.831686046511627808e+00
1.170000000000000595e+00,2.882437070938215218e+00
1.180000000000000604e+00,1.567164179104477695e+00
1.190000000000000613e+00,1.645638394204648414e+00
1.200000000000000622e+00,8.770216661580714224e-01
1.210000000000000631e+00,2.164043583535109061e+00
1.220000000000000639e+00,1.078882750153468351e+00
1.230000000000000648e+00,1.548268464603125949e+00
1.240000000000000657e+00,1.671664626682986432e+00
1.250000000000000666e+00,1.097688751926040096e+00
1.260000000000000675e+00,9.609375000000000000e-01
1.270000000000000684e+00,8.149568552253115827e-01
1.280000000000000693e+00,1.079274116523400107e+00
1.290000000000000702e+00,9.771316563214635931e-01
1.300000000000000711e+00,7.677604332589996750e-01
1.310000000000000719e+00,8.357282821685173557e-01
1.320000000000000728e+00,8.032679738562091831e-01
1.330000000000000737e+00,8.040250742329264622e-01
1.340000000000000746e+00,7.842420212765957022e-01
1.350000000000000755e+00,7.053777631144836358e-01
1.360000000000000764e+00,6.379661016949152996e-01
1.370000000000000773e+00,6.918644067796609898e-01
1.380000000000000782e+00,6.676870748299319480e-01
1.390000000000000790e+00,4.743055555555555358e-01
1.400000000000000799e+00,5.365853658536585691e-01
1.410000000000000808e+00,7.513386880856760541e-01
1.420000000000000817e+00,4.729304924903947049e-01
1.430000000000000826e+00,7.549256826823367295e-01
1.440000000000000835e+00,5.273437500000000000e-01
1.450000000000000844e+00,5.036049026676280294e-01
1.460000000000000853e+00,5.228157056950831771e-01
1.470000000000000862e+00,4.199352284994602447e-01
1.480000000000000870e+00,3.439252336448598291e-01
1.490000000000000879e+00,4.197952218430033855e-01
1.500000000000000888e+00,2.871249525256361346e-01
1.510000000000000897e+00,2.395348837209302362e-01
1.520000000000000906e+00,3.791230112533954255e-01
1.530000000000000915e+00,2.793946449359720474e-01
1.540000000000000924e+00,3.285988483685221007e-01
1.550000000000000933e+00,3.241273494438051128e-01
1.560000000000000941e+00,3.114374034003091207e-01
1.570000000000000950e+00,2.591582229150428685e-01
1.580000000000000959e+00,2.655763239875389425e-01
1.590000000000000968e+00,2.455429497568881736e-01
1.600000000000000977e+00,2.913198573127229740e-01
1.610000000000000986e+00,2.625884311277569827e-01
1.620000000000000995e+00,2.841181165203511827e-01
1.630000000000001004e+00,2.423124231242312354e-01
1.640000000000001013e+00,3.253778838504375326e-01
1.650000000000001021e+00,2.294264339152119747e-01
1.660000000000001030e+00,2.300884955752212357e-01
1.670000000000001039e+00,2.505344164172723653e-01
1.680000000000001048e+00,2.420961455175400512e-01
1.690000000000001057e+00,2.198088618592528298e-01
1.700000000000001066e+00,1.673036093418258929e-01
1.710000000000001075e+00,1.817779743476337917e-01
1.720000000000001084e+00,2.666948436179205628e-01
1.730000000000001092e+00,2.273497036409822258e-01
1.740000000000001101e+00,2.116309575863576653e-01
1.750000000000001110e+00,2.098765432098765316e-01
1.760000000000001119e+00,2.010582010582010470e-01
1.770000000000001128e+00,1.947935368043088034e-01
1.780000000000001137e+00,1.399103139013452846e-01
1.790000000000001146e+00,1.946979574098218202e-01
1.800000000000001155e+00,1.493832800365463565e-01
1.810000000000001164e+00,1.816182937554969290e-01
1.820000000000001172e+00,1.355161437016825787e-01
1.830000000000001181e+00,1.612170753860127093e-01
1.840000000000001190e+00,1.699586587046394148e-01
1.850000000000001199e+00,1.509606587374199560e-01
1.860000000000001208e+00,1.435849930523390439e-01
1.870000000000001217e+00,1.501657981999052482e-01
1.880000000000001226e+00,1.293900184842883549e-01
1.890000000000001235e+00,1.179585941261434706e-01
1.900000000000001243e+00,1.474940334128878316e-01
1.910000000000001252e+00,1.019721019721019778e-01
1.920000000000001261e+00,1.446183025130393651e-01
1.930000000000001270e+00,1.216617210682492539e-01
1.940000000000001279e+00,1.261304140885292635e-01
1.950000000000001288e+00,1.811830461108523416e-01
1.960000000000001297e+00,1.245839277223014796e-01
1.970000000000001306e+00,1.299462628236443540e-01
1.980000000000001315e+00,1.142274349821519597e-01
1.990000000000001323e+00,1.080950072709646187e-01
2.000000000000001332e+00,1.434071222329162676e-01
2.010000000000001119e+00,1.107124551512045085e-01
2.020000000000000906e+00,1.196754563894523310e-01
2.030000000000000693e+00,1.021750126454223639e-01
2.040000000000000480e+00,1.149193548387096725e-01
2.050000000000000266e+00,9.637305699481865662e-02
2.060000000000000053e+00,9.003540718259990527e-02
2.069999999999999840e+00,1.006097560975609817e-01
2.079999999999999627e+00,9.452201933404941192e-02
2.089999999999999414e+00,9.746192893401015023e-02
2.099999999999999201e+00,8.008429926238144758e-02
