5.100000000000000089e-01,1.552221840659340728e+02
5.200000000000000178e-01,1.503237258347978980e+02
5.300000000000000266e-01,1.576780100190015617e+02
5.400000000000000355e-01,1.270098217533648608e+02
5.500000000000000444e-01,1.307273560689402245e+02
5.600000000000000533e-01,1.298143304475962339e+02
5.700000000000000622e-01,1.204233326999810032e+02
5.800000000000000711e-01,9.987596286786489941e+01
5.900000000000000799e-01,9.904910976325572847e+01
6.000000000000000888e-01,1.065240441466298762e+02
6.100000000000000977e-01,9.204798031576788730e+01
6.200000000000001066e-01,8.841427699816961194e+01
6.300000000000001155e-01,9.322901533494753323e+01
6.400000000000001243e-01,8.086925719192787199e+01
6.500000000000001332e-01,8.704100472305709957e+01
6.600000000000001421e-01,6.006717892425905347e+01
6.700000000000001510e-01,5.694014470510852988e+01
6.800000000000001599e-01,5.610184973738296321e+01
6.900000000000001688e-01,4.358572099577266101e+01
7.000000000000001776e-01,4.846531458861488773e+01
7.100000000000001865e-01,2.728833770569997696e+01
7.200000000000001954e-01,2.719860038610038444e+01
7.300000000000002043e-01,2.691730436929153214e+01
7.400000000000002132e-01,9.558251200404347614e+00
7.500000000000002220e-01,1.653547423450336140e+01
7.600000000000002309e-01,1.915119496855345815e+01
7.700000000000002398e-01,1.087353091466530408e+01
7.800000000000002487e-01,1.182227307398932048e+01
7.900000000000002576e-01,4.355105305251933068e+00
8.000000000000002665e-01,1.126121582160870638e+01
8.100000000000002753e-01,2.891781936533767361e+00
8.200000000000002842e-01,5.181246582832148562e+00
8.300000000000002931e-01,2.933205057724024289e+00
8.400000000000003020e-01,3.395316420407025415e+00
8.500000000000003109e-01,3.389358108108107892e+00
8.600000000000003197e-01,2.468723221936589329e+00
8.700000000000003286e-01,2.659412097230073435e+00
8.800000000000003375e-01,1.969072164948453718e+00
8.900000000000003464e-01,1.579362759427068053e+00
9.000000000000003553e-01,1.816344993968636912e+00
9.100000000000003642e-01,1.274660366213821616e+00
9.200000000000003730e-01,1.471755725190839748e+00
9.300000000000003819e-01,1.135186355022109961e+00
9.400000000000003908e-01,1.200819672131147486e+00
9.500000000000003997e-01,1.286918513893225091e+00
9.600000000000004086e-01,9.118412491867273761e-01
9.700000000000004174e-01,1.040553588670743546e+00
9.800000000000004263e-01,6.675814751286449633e-01
9.900000000000004352e-01,9.033322335862751240e-01
1.000000000000000444e+00,6.606350290201433717e-01
1.010000000000000453e+00,8.237827095064590432e-01
1.020000000000000462e+00,4.647037956722241958e-01
1.030000000000000471e+00,8.278236914600550778e-01
1.040000000000000480e+00,7.191166321601104583e-01
1.050000000000000488e+00,5.481611208406305114e-01
1.060000000000000497e+00,5.531215772179627344e-01
1.070000000000000506e+00,4.585615188024826372e-01
1.080000000000000515e+00,6.203737632832538873e-01
1.090000000000000524e+00,4.671532846715328313e-01
1.100000000000000533e+00,5.360490266762797384e-01
1.110000000000000542e+00,6.082511865644395499e-01
1.120000000000000551e+00,4.769984917043740835e-01
1.130000000000000560e+00,4.596016535137166237e-01
1.140000000000000568e+00,4.560938682816048639e-01
1.150000000000000577e+00,5.269155206286837423e-01
1.160000000000000586e+00,4.195668986852281734e-01
1.170000000000000595e+00,3.810832025117739663e-01
1.180000000000000604e+00,4.610663598005370067e-01
1.190000000000000613e+00,3.807582551977170549e-01
1.200000000000000622e+00,3.060805258833196318e-01
1.210000000000000631e+00,4.119484576337368309e-01
1.220000000000000639e+00,3.427999999999999936e-01
1.230000000000000648e+00,2.739204064352243617e-01
1.240000000000000657e+00,3.658933658933659072e-01
1.250000000000000666e+00,3.159649854105877620e-01
1.260000000000000675e+00,3.608677513558614658e-01
1.270000000000000684e+00,3.032311516155757891e-01
1.280000000000000693e+00,3.168112350268484367e-01
1.290000000000000702e+00,3.300083125519534533e-01
1.300000000000000711e+00,3.393406593406593230e-01
1.310000000000000719e+00,3.512379353755770151e-01
1.320000000000000728e+00,2.496685815289438892e-01
1.330000000000000737e+00,2.146993318485523328e-01
1.340000000000000746e+00,2.910447761194029925e-01
1.350000000000000755e+00,2.324200913242009114e-01
1.360000000000000764e+00,2.431569343065693445e-01
1.370000000000000773e+00,2.573763050385837747e-01
1.380000000000000782e+00,1.989843028624191934e-01
1.390000000000000790e+00,2.261190586063682451e-01
1.400000000000000799e+00,2.706043956043955867e-01
1.410000000000000808e+00,2.399630826026765140e-01
1.420000000000000817e+00,2.536747273589378682e-01
1.430000000000000826e+00,2.335190343546889591e-01
1.440000000000000835e+00,2.331922896097790299e-01
1.450000000000000844e+00,1.798457087753134176e-01
1.460000000000000853e+00,1.695906432748537918e-01
1.470000000000000862e+00,2.030632411067193610e-01
1.480000000000000870e+00,1.962391513982642277e-01
1.490000000000000879e+00,1.482775836245631418e-01
1.500000000000000888e+00,1.603483606557377095e-01
1.510000000000000897e+00,1.548288196218702006e-01
1.520000000000000906e+00,1.635155850792028576e-01
1.530000000000000915e+00,1.680369989722507729e-01
1.540000000000000924e+00,1.835282155566853035e-01
1.550000000000000933e+00,2.010256410256410220e-01
1.560000000000000941e+00,1.741662255161461059e-01
1.570000000000000950e+00,1.612223393045310871e-01
1.580000000000000959e+00,1.463414634146341375e-01
1.590000000000000968e+00,1.568206229860365231e-01
1.600000000000000977e+00,1.963095848282931932e-01
1.610000000000000986e+00,1.700318809776833195e-01
1.620000000000000995e+00,1.718664477285166969e-01
1.630000000000001004e+00,1.278195488721804440e-01
1.640000000000001013e+00,1.446236559139784938e-01
1.650000000000001021e+00,1.439476553980370832e-01
1.660000000000001030e+00,1.103023516237402052e-01
1.670000000000001039e+00,1.328594860579551673e-01
1.680000000000001048e+00,1.147091108671789289e-01
1.690000000000001057e+00,1.107921928817451190e-01
1.700000000000001066e+00,1.312910284463894850e-01
1.710000000000001075e+00,1.535965386695511137e-01
1.720000000000001084e+00,1.394948335246842808e-01
1.730000000000001092e+00,1.362088535754824026e-01
1.740000000000001101e+00,1.074380165289256228e-01
1.750000000000001110e+00,1.318364997121473925e-01
1.760000000000001119e+00,8.200734394124846449e-02
1.770000000000001128e+00,1.105797967722653846e-01
1.780000000000001137e+00,1.115654205607476690e-01
1.790000000000001146e+00,1.013597033374536438e-01
1.800000000000001155e+00,1.408450704225352179e-01
1.810000000000001164e+00,1.252163877668782399e-01
1.820000000000001172e+00,1.065523576240049036e-01
1.830000000000001181e+00,1.025798525798525818e-01
1.840000000000001190e+00,9.899229401304089626e-02
1.850000000000001199e+00,9.774436090225563367e-02
1.860000000000001208e+00,1.152927120669056116e-01
1.870000000000001217e+00,8.660436137071651774e-02
1.880000000000001226e+00,8.634920634920635607e-02
1.890000000000001235e+00,8.873929008567930932e-02
1.900000000000001243e+00,1.007462686567164173e-01
1.910000000000001252e+00,1.076433121019108319e-01
1.920000000000001261e+00,7.946598855689765428e-02
1.930000000000001270e+00,9.263959390862944177e-02
1.940000000000001279e+00,8.547008547008547175e-02
1.950000000000001288e+00,1.113184079601990117e-01
1.960000000000001297e+00,6.438896189224704858e-02
1.970000000000001306e+00,8.495460440985733164e-02
1.980000000000001315e+00,1.050030883261272446e-01
1.990000000000001323e+00,6.489071038251366386e-02
2.000000000000001332e+00,9.387222946544980517e-02
2.010000000000001119e+00,6.688741721854304934e-02
2.020000000000000906e+00,6.494413407821228446e-02
2.030000000000000693e+00,8.435374149659863319e-02
2.040000000000000480e+00,8.520475561426683886e-02
2.050000000000000266e+00,6.002824858757062343e-02
2.060000000000000053e+00,9.211398277004638480e-02
2.069999999999999840e+00,4.517453798767967488e-02
2.079999999999999627e+00,7.004160887656032952e-02
2.089999999999999414e+00,5.453257790368271768e-02
2.099999999999999201e+00,5.163991625959525600e-02
