5.100000000000000089e-01,1.679938577034635614e+02
5.200000000000000178e-01,1.493344809777930777e+02
5.300000000000000266e-01,1.525978241796806572e+02
5.400000000000000355e-01,1.334965110037573766e+02
5.500000000000000444e-01,1.459551610541727769e+02
5.600000000000000533e-01,1.142023405058512679e+02
5.700000000000000622e-01,1.307680315552216257e+02
5.800000000000000711e-01,1.164088871564997021e+02
5.900000000000000799e-01,1.189866123399301472e+02
6.000000000000000888e-01,1.105909895730867589e+02
6.100000000000000977e-01,8.242621616120496242e+01
6.200000000000001066e-01,8.557585203657522754e+01
6.300000000000001155e-01,8.712580578082761917e+01
6.400000000000001243e-01,9.873109768798167352e+01
6.500000000000001332e-01,6.953282018387855601e+01
6.600000000000001421e-01,6.119402007856830750e+01
6.700000000000001510e-01,6.327199462726662205e+01
6.800000000000001599e-01,5.367794710891976706e+01
6.900000000000001688e-01,6.030568181818181728e+01
7.000000000000001776e-01,3.583501288961799958e+01
7.100000000000001865e-01,4.573740671641790811e+01
7.200000000000001954e-01,2.327926177756192416e+01
7.300000000000002043e-01,3.526383677298311170e+01
7.400000000000002132e-01,3.530519638936326032e+01
7.500000000000002220e-01,1.032163595051754612e+01
7.600000000000002309e-01,1.145740365111561943e+01
7.700000000000002398e-01,8.448704663212435406e+00
7.800000000000002487e-01,1.473709393099974818e+01
7.900000000000002576e-01,1.102616431187859725e+01
8.000000000000002665e-01,8.197453884125746271e+00
8.100000000000002753e-01,4.914732865623313351e+00
8.200000000000002842e-01,2.514779698828778720e+00
8.300000000000002931e-01,3.544028618602091285e+00
8.400000000000003020e-01,1.965597667638483870e+00
8.500000000000003109e-01,3.695507487520798495e+00
8.600000000000003197e-01,2.483300589390962543e+00
8.700000000000003286e-01,3.145479833101529898e+00
8.800000000000003375e-01,1.760256037241780591e+00
8.900000000000003464e-01,1.434150772025431397e+00
9.000000000000003553e-01,1.558599695585996869e+00
9.100000000000003642e-01,1.869153164169978565e+00
9.200000000000003730e-01,1.313010685103708441e+00
9.300000000000003819e-01,9.728792179123304518e-01
9.400000000000003908e-01,1.154776674937965320e+00
9.500000000000003997e-01,1.192511700468018798e+00
9.600000000000004086e-01,1.321034374014506518e+00
9.700000000000004174e-01,9.175122749590834959e-01
9.800000000000004263e-01,1.012187299550994179e+00
9.900000000000004352e-01,8.877483443708609201e-01
1.000000000000000444e+00,8.355419639823309375e-01
1.010000000000000453e+00,8.702163061564059943e-01
1.020000000000000462e+00,7.027027027027027417e-01
1.030000000000000471e+00,5.477928397636426805e-01
1.040000000000000480e+00,7.335984095427435792e-01
1.050000000000000488e+00,1.063611491108071183e+00
1.060000000000000497e+00,8.545272969374168026e-01
1.070000000000000506e+00,7.321937321937321830e-01
1.080000000000000515e+00,5.341278439869988626e-01
1.090000000000000524e+00,4.943222143364088272e-01
1.100000000000000533e+00,5.801043219076006396e-01
1.110000000000000542e+00,5.811874105865522111e-01
1.120000000000000551e+00,5.295404814004376348e-01
1.130000000000000560e+00,4.461654703437853975e-01
1.140000000000000568e+00,4.372815533980582425e-01
1.150000000000000577e+00,4.859392575928008773e-01
1.160000000000000586e+00,4.288483908491663166e-01
1.170000000000000595e+00,4.190549961270332857e-01
1.180000000000000604e+00,3.559454191033138426e-01
1.190000000000000613e+00,3.603351955307262378e-01
1.200000000000000622e+00,3.576318968989126157e-01
1.210000000000000631e+00,4.180295173514160245e-01
1.220000000000000639e+00,4.352941176470588314e-01
1.230000000000000648e+00,3.430353430353430544e-01
1.240000000000000657e+00,2.871118672905146885e-01
1.250000000000000666e+00,3.645569620253164556e-01
1.260000000000000675e+00,4.473898858075040508e-01
1.270000000000000684e+00,2.803382663847779899e-01
1.280000000000000693e+00,2.919148936170212760e-01
1.290000000000000702e+00,2.979626485568760419e-01
1.300000000000000711e+00,2.749125874125873947e-01
1.310000000000000719e+00,2.403134523291249325e-01
1.320000000000000728e+00,2.686825053995680612e-01
1.330000000000000737e+00,3.501928846978139553e-01
1.340000000000000746e+00,1.935793004312410248e-01
1.350000000000000755e+00,2.262940907008703650e-01
1.360000000000000764e+00,2.005519779208831677e-01
1.370000000000000773e+00,2.035845588235294101e-01
1.380000000000000782e+00,1.930394431554524337e-01
1.390000000000000790e+00,2.508880994671403020e-01
1.400000000000000799e+00,2.426817752596789335e-01
1.410000000000000808e+00,2.047320135200386415e-01
1.420000000000000817e+00,1.971428571428571475e-01
1.430000000000000826e+00,1.838235294117647189e-01
1.440000000000000835e+00,2.124940842404164643e-01
1.450000000000000844e+00,1.832023575638506985e-01
1.460000000000000853e+00,1.754796443612541001e-01
1.470000000000000862e+00,1.960116731517509703e-01
1.480000000000000870e+00,2.001906577693040867e-01
1.490000000000000879e+00,2.012226184411614882e-01
1.500000000000000888e+00,1.543026706231453993e-01
1.510000000000000897e+00,1.712294673967147962e-01
1.520000000000000906e+00,1.785714285714285754e-01
1.530000000000000915e+00,1.696428571428571508e-01
1.540000000000000924e+00,1.931875953228266440e-01
1.550000000000000933e+00,1.539272535582498769e-01
1.560000000000000941e+00,1.840490797546012192e-01
1.570000000000000950e+00,1.665801764400622609e-01
1.580000000000000959e+00,1.728525980911982951e-01
1.590000000000000968e+00,1.552440290758047847e-01
1.600000000000000977e+00,1.692307692307692402e-01
1.610000000000000986e+00,1.344997266265718916e-01
1.620000000000000995e+00,1.293725707940033276e-01
1.630000000000001004e+00,1.421850496602195535e-01
1.640000000000001013e+00,1.301675977653631300e-01
1.650000000000001021e+00,1.244493392070484539e-01
1.660000000000001030e+00,1.322222222222222132e-01
1.670000000000001039e+00,1.386414253897550186e-01
1.680000000000001048e+00,1.270996640537513933e-01
1.690000000000001057e+00,1.169977924944812370e-01
1.700000000000001066e+00,1.462585034013605401e-01
1.710000000000001075e+00,1.090269636576787771e-01
1.720000000000001084e+00,1.300949190396426536e-01
1.730000000000001092e+00,1.125364431486880479e-01
1.740000000000001101e+00,1.140301844605925152e-01
1.750000000000001110e+00,1.218658892128279825e-01
1.760000000000001119e+00,1.488372093023255793e-01
1.770000000000001128e+00,1.293302540415704471e-01
1.780000000000001137e+00,1.132516053706946885e-01
1.790000000000001146e+00,9.426987060998151535e-02
1.800000000000001155e+00,1.090584028605482703e-01
1.810000000000001164e+00,1.115751789976133640e-01
1.820000000000001172e+00,9.546827794561933700e-02
1.830000000000001181e+00,1.139864448552064119e-01
1.840000000000001190e+00,9.183027232425586273e-02
1.850000000000001199e+00,1.024242424242424176e-01
1.860000000000001208e+00,1.039755351681957152e-01
1.870000000000001217e+00,8.528111181301326060e-02
1.880000000000001226e+00,8.612143742255266854e-02
1.890000000000001235e+00,1.045340050377833729e-01
1.900000000000001243e+00,9.184328837508028143e-02
1.910000000000001252e+00,8.500973393900064512e-02
1.920000000000001261e+00,1.054878048780487770e-01
1.930000000000001270e+00,7.752442996742671399e-02
1.940000000000001279e+00,1.185897435897435848e-01
1.950000000000001288e+00,8.285163776493256749e-02
1.960000000000001297e+00,8.918406072106262183e-02
1.970000000000001306e+00,6.862745098039216285e-02
1.980000000000001315e+00,9.296320206584893220e-02
1.990000000000001323e+00,6.842818428184281598e-02
2.000000000000001332e+00,7.456445993031358965e-02
2.010000000000001119e+00,7.226562500000000000e-02
2.020000000000000906e+00,7.579972183588316870e-02
2.030000000000000693e+00,7.592339261285910301e-02
2.040000000000000480e+00,5.003427004797806471e-02
2.050000000000000266e+00,6.391752577319587125e-02
2.060000000000000053e+00,7.832167832167832855e-02
2.069999999999999840e+00,5.806887238352464314e-02
2.079999999999999627e+00,8.378016085790884748e-02
2.089999999999999414e+00,4.899930986887508777e-02
2.099999999999999201e+00,6.958393113342897784e-02
