5.100000000000000089e-01,1.709644308943089470e+02
5.200000000000000178e-01,1.644021424927733506e+02
5.300000000000000266e-01,1.509194509662272026e+02
5.400000000000000355e-01,1.494955239599789252e+02
5.500000000000000444e-01,1.252928999455238852e+02
5.600000000000000533e-01,1.337455843667794113e+02
5.700000000000000622e-01,1.222770856927142376e+02
5.800000000000000711e-01,1.155538314176245223e+02
5.900000000000000799e-01,9.196865458986363251e+01
6.000000000000000888e-01,9.908293745051464896e+01
6.100000000000000977e-01,1.141450199203187310e+02
6.200000000000001066e-01,8.023014214046823156e+01
6.300000000000001155e-01,9.808616826237522446e+01
6.400000000000001243e-01,9.372502153316106899e+01
6.500000000000001332e-01,6.849923730660275112e+01
6.600000000000001421e-01,7.333927407085415950e+01
6.700000000000001510e-01,4.479756262694651525e+01
6.800000000000001599e-01,4.759514450867052204e+01
6.900000000000001688e-01,5.228660797034291363e+01
7.000000000000001776e-01,4.697111319868482582e+01
7.100000000000001865e-01,4.009611742424242209e+01
7.200000000000001954e-01,2.939275362318840479e+01
7.300000000000002043e-01,4.543011268280987736e+01
7.400000000000002132e-01,3.294175691937424943e+01
7.500000000000002220e-01,1.518654509610645675e+01
7.600000000000002309e-01,1.707764589515331366e+01
7.700000000000002398e-01,1.022778756607097961e+01
7.800000000000002487e-01,6.945273631840795936e+00
7.900000000000002576e-01,7.470711297071130019e+00
8.000000000000002665e-01,7.878659984173041586e+00
8.100000000000002753e-01,5.805922792173452862e+00
8.200000000000002842e-01,6.827576828936632758e+00
8.300000000000002931e-01,3.349708576186511078e+00
8.400000000000003020e-01,2.929355474247115065e+00
8.500000000000003109e-01,2.420261066969353170e+00
8.600000000000003197e-01,1.673403632103104943e+00
8.700000000000003286e-01,1.855435733022442468e+00
8.800000000000003375e-01,1.590476190476190377e+00
8.900000000000003464e-01,1.755030621172353422e+00
9.000000000000003553e-01,1.767975830815709859e+00
9.100000000000003642e-01,1.587205793602896708e+00
9.200000000000003730e-01,1.321980447808262404e+00
9.300000000000003819e-01,1.530261969286359491e+00
9.400000000000003908e-01,1.511342734518700270e+00
9.500000000000003997e-01,1.283558124598586980e+00
9.600000000000004086e-01,7.990777338603425317e-01
9.700000000000004174e-01,1.227081308713961816e+00
9.800000000000004263e-01,1.143135979180221140e+00
9.900000000000004352e-01,1.027009437032216033e+00
1.000000000000000444e+00,1.068027210884353817e+00
1.010000000000000453e+00,8.835082966474770982e-01
1.020000000000000462e+00,1.031660491748063402e+00
1.030000000000000471e+00,7.862569060773481056e-01
1.040000000000000480e+00,6.904512067156348687e-01
1.050000000000000488e+00,5.993712888578414111e-01
1.060000000000000497e+00,6.792120998944776167e-01
1.070000000000000506e+00,8.075268817204300786e-01
1.080000000000000515e+00,8.312566749733001359e-01
1.090000000000000524e+00,8.728303223521076681e-01
1.100000000000000533e+00,6.998165137614679177e-01
1.110000000000000542e+00,5.973884657236125939e-01
1.120000000000000551e+00,6.141467065868263520e-01
1.130000000000000560e+00,5.630377852600074728e-01
1.140000000000000568e+00,6.508538899430740265e-01
1.150000000000000577e+00,4.675587996755879994e-01
1.160000000000000586e+00,7.753371868978805592e-01
1.170000000000000595e+00,4.008723235527359430e-01
1.180000000000000604e+00,5.920494017753763494e-01
1.190000000000000613e+00,5.287311993829540979e-01
1.200000000000000622e+00,4.775280898876404501e-01
1.210000000000000631e+00,4.131589701675520976e-01
1.220000000000000639e+00,4.288617886178861527e-01
1.230000000000000648e+00,3.729525409491810106e-01
1.240000000000000657e+00,5.443140428976123157e-01
1.250000000000000666e+00,3.724556084885231599e-01
1.260000000000000675e+00,4.070796460176991372e-01
1.270000000000000684e+00,4.089104543449492701e-01
1.280000000000000693e+00,3.609314359637774694e-01
1.290000000000000702e+00,4.540008557980316772e-01
1.300000000000000711e+00,3.809118023008095655e-01
1.310000000000000719e+00,3.100044863167339404e-01
1.320000000000000728e+00,2.788680967594705518e-01
1.330000000000000737e+00,3.069746779209240328e-01
1.340000000000000746e+00,3.248776145972407381e-01
1.350000000000000755e+00,3.594032549728752302e-01
1.360000000000000764e+00,2.800936768149883127e-01
1.370000000000000773e+00,3.012646793134597933e-01
1.380000000000000782e+00,3.083182640144665476e-01
1.390000000000000790e+00,2.875234521575985025e-01
1.400000000000000799e+00,3.399548532731376804e-01
1.410000000000000808e+00,2.778561354019746243e-01
1.420000000000000817e+00,2.673644148430066592e-01
1.430000000000000826e+00,2.698185291308500267e-01
1.440000000000000835e+00,2.794676806083650211e-01
1.450000000000000844e+00,2.500000000000000000e-01
1.460000000000000853e+00,2.451764705882353013e-01
1.470000000000000862e+00,2.558252427184465883e-01
1.480000000000000870e+00,2.496385542168674809e-01
1.490000000000000879e+00,3.004396678065461845e-01
1.500000000000000888e+00,2.413793103448275967e-01
1.510000000000000897e+00,2.062217762167586621e-01
1.520000000000000906e+00,2.186397984886649937e-01
1.530000000000000915e+00,2.128088754412506278e-01
1.540000000000000924e+00,2.013633980073413765e-01
1.550000000000000933e+00,1.850886339937434788e-01
1.560000000000000941e+00,1.600000000000000033e-01
1.570000000000000950e+00,1.906249999999999889e-01
1.580000000000000959e+00,1.805480924234282580e-01
1.590000000000000968e+00,2.134471718249733307e-01
1.600000000000000977e+00,1.923474663908996962e-01
1.610000000000000986e+00,1.567683253076511407e-01
1.620000000000000995e+00,2.084221748400852947e-01
1.630000000000001004e+00,1.630901287553647994e-01
1.640000000000001013e+00,1.768488745980707488e-01
1.650000000000001021e+00,1.628787878787878729e-01
1.660000000000001030e+00,1.875693673695893460e-01
1.670000000000001039e+00,1.525330396475770844e-01
1.680000000000001048e+00,1.863661352391423887e-01
1.690000000000001057e+00,1.654636313159355832e-01
1.700000000000001066e+00,1.773090079817559728e-01
1.710000000000001075e+00,1.805632247377139676e-01
1.720000000000001084e+00,1.542890040299366716e-01
1.730000000000001092e+00,1.635327635327635254e-01
1.740000000000001101e+00,1.369627507163323765e-01
1.750000000000001110e+00,1.238832638475282910e-01
1.760000000000001119e+00,1.418522860492379967e-01
1.770000000000001128e+00,1.243872549019607865e-01
1.780000000000001137e+00,1.115606936416184969e-01
1.790000000000001146e+00,1.362852213916043720e-01
1.800000000000001155e+00,1.336963097398669031e-01
1.810000000000001164e+00,1.369945684972842526e-01
1.820000000000001172e+00,1.177929324240545583e-01
1.830000000000001181e+00,1.242603550295857950e-01
1.840000000000001190e+00,1.588557516737675035e-01
1.850000000000001199e+00,1.073345259391770973e-01
1.860000000000001208e+00,1.266586248492159172e-01
1.870000000000001217e+00,1.217712177121771239e-01
1.880000000000001226e+00,1.104938271604938294e-01
1.890000000000001235e+00,1.025477707006369477e-01
1.900000000000001243e+00,1.380981223500908628e-01
1.910000000000001252e+00,1.192307692307692374e-01
1.920000000000001261e+00,1.396508728179551018e-01
1.930000000000001270e+00,8.672798948751642145e-02
1.940000000000001279e+00,8.839406207827260609e-02
1.950000000000001288e+00,8.948685857321651838e-02
1.960000000000001297e+00,8.433734939759035543e-02
1.970000000000001306e+00,9.797517962116264467e-02
1.980000000000001315e+00,8.088235294117647467e-02
1.990000000000001323e+00,1.097240473061760896e-01
2.000000000000001332e+00,8.219178082191780366e-02
2.010000000000001119e+00,9.487534626038780783e-02
2.020000000000000906e+00,7.163120567375887149e-02
2.030000000000000693e+00,7.482517482517482554e-02
2.040000000000000480e+00,9.831649831649831583e-02
2.050000000000000266e+00,8.794137241838774488e-02
2.060000000000000053e+00,7.246376811594203160e-02
2.069999999999999840e+00,7.457627118644068187e-02
2.079999999999999627e+00,8.680310515172900976e-02
2.089999999999999414e+00,8.919860627177700341e-02
2.099999999999999201e+00,9.993060374739763663e-02
