5.100000000000000089e-01,1.603430534607005313e+02
5.200000000000000178e-01,1.496543778801843416e+02
5.300000000000000266e-01,1.473779401282965011e+02
5.400000000000000355e-01,1.433307774607703209e+02
5.500000000000000444e-01,1.361627229705133004e+02
5.600000000000000533e-01,1.368981858570899703e+02
5.700000000000000622e-01,1.111408960915157280e+02
5.800000000000000711e-01,1.039156486329261213e+02
5.900000000000000799e-01,9.522655179165850825e+01
6.000000000000000888e-01,8.875765564794158990e+01
6.100000000000000977e-01,8.956937307297019402e+01
6.200000000000001066e-01,7.553004558640695620e+01
6.300000000000001155e-01,9.183979381443299417e+01
6.400000000000001243e-01,6.945565482675964120e+01
6.500000000000001332e-01,7.392605184870377855e+01
6.600000000000001421e-01,9.044249891915261230e+01
6.700000000000001510e-01,4.756178489702516998e+01
6.800000000000001599e-01,5.126562500000000000e+01
6.900000000000001688e-01,6.289301503094606716e+01
7.000000000000001776e-01,4.158151536476659516e+01
7.100000000000001865e-01,4.194131679389312950e+01
7.200000000000001954e-01,4.212980769230769340e+01
7.300000000000002043e-01,3.392632850241545839e+01
7.400000000000002132e-01,2.423772930094199296e+01
7.500000000000002220e-01,1.114488071570576544e+01
7.600000000000002309e-01,3.128186212159755897e+01
7.700000000000002398e-01,3.123294858342077429e+00
7.800000000000002487e-01,7.696560846560846159e+00
7.900000000000002576e-01,5.082544689800210236e+00
8.000000000000002665e-01,5.474980142970611752e+00
8.100000000000002753e-01,3.163177670424047072e+00
8.200000000000002842e-01,3.344676180021953993e+00
8.300000000000002931e-01,4.509691509691509559e+00
8.400000000000003020e-01,4.293552812071330216e+00
8.500000000000003109e-01,2.613661814109742298e+00
8.600000000000003197e-01,2.895361990950226172e+00
8.700000000000003286e-01,2.851156069364161993e+00
8.800000000000003375e-01,2.321966467746519047e+00
8.900000000000003464e-01,1.753371291579262747e+00
9.000000000000003553e-01,1.601829988193624654e+00
9.100000000000003642e-01,1.936899038461538547e+00
9.200000000000003730e-01,1.581673306772908294e+00
9.300000000000003819e-01,1.247325361862806847e+00
9.400000000000003908e-01,1.335321821036106860e+00
9.500000000000003997e-01,1.455756422454804966e+00
9.600000000000004086e-01,1.374686716791979846e+00
9.700000000000004174e-01,1.300728078505856367e+00
9.800000000000004263e-01,1.090518665345226346e+00
9.900000000000004352e-01,8.991989319092122956e-01
1.000000000000000444e+00,9.376031693628260610e-01
1.010000000000000453e+00,1.170844327176780997e+00
1.020000000000000462e+00,1.240404040404040398e+00
1.030000000000000471e+00,7.378133704735375664e-01
1.040000000000000480e+00,1.017633095964733725e+00
1.050000000000000488e+00,1.014664804469273651e+00
1.060000000000000497e+00,6.866295264623955008e-01
1.070000000000000506e+00,6.220529561117156270e-01
1.080000000000000515e+00,6.949630151461781979e-01
1.090000000000000524e+00,7.051660516605166018e-01
1.100000000000000533e+00,6.393210749646393021e-01
1.110000000000000542e+00,5.483018867924528417e-01
1.120000000000000551e+00,6.372869060573086442e-01
1.130000000000000560e+00,6.125237191650854118e-01
1.140000000000000568e+00,6.595125500181884259e-01
1.150000000000000577e+00,4.437643458301453459e-01
1.160000000000000586e+00,4.974619289340101447e-01
1.170000000000000595e+00,5.526315789473684736e-01
1.180000000000000604e+00,6.065022421524663976e-01
1.190000000000000613e+00,5.683593750000000000e-01
1.200000000000000622e+00,3.889347646573080297e-01
1.210000000000000631e+00,3.955010224948874997e-01
1.220000000000000639e+00,4.184426229508196871e-01
1.230000000000000648e+00,4.609310058187863768e-01
1.240000000000000657e+00,4.351239669421487766e-01
1.250000000000000666e+00,3.959839357429718598e-01
1.260000000000000675e+00,3.105286539315859629e-01
1.270000000000000684e+00,4.130434782608695676e-01
1.280000000000000693e+00,4.608085808580857923e-01
1.290000000000000702e+00,3.563167259786476637e-01
1.300000000000000711e+00,3.798882681564245689e-01
1.310000000000000719e+00,2.890453145622525200e-01
1.320000000000000728e+00,3.427686864219371965e-01
1.330000000000000737e+00,3.548818546589389000e-01
1.340000000000000746e+00,2.904929577464788748e-01
1.350000000000000755e+00,4.083015671325709306e-01
1.360000000000000764e+00,3.235162873717090659e-01
1.370000000000000773e+00,2.546125461254612476e-01
1.380000000000000782e+00,3.348477964561563103e-01
1.390000000000000790e+00,3.291648057168378716e-01
1.400000000000000799e+00,2.776025236593059886e-01
1.410000000000000808e+00,2.396379228203906753e-01
1.420000000000000817e+00,2.645502645502645356e-01
1.430000000000000826e+00,2.886694875411377481e-01
1.440000000000000835e+00,2.195121951219512202e-01
1.450000000000000844e+00,2.308433734939759063e-01
1.460000000000000853e+00,2.590623489608506747e-01
1.470000000000000862e+00,2.380239520958083721e-01
1.480000000000000870e+00,2.472235634958956929e-01
1.490000000000000879e+00,2.335728952772073985e-01
1.500000000000000888e+00,2.303427419354838745e-01
1.510000000000000897e+00,2.411526794742163693e-01
1.520000000000000906e+00,2.260416666666666685e-01
1.530000000000000915e+00,1.528697571743929395e-01
1.540000000000000924e+00,2.106360792492179279e-01
1.550000000000000933e+00,1.736842105263158020e-01
1.560000000000000941e+00,2.096523092890503481e-01
1.570000000000000950e+00,1.764392324093816689e-01
1.580000000000000959e+00,1.983471074380165344e-01
1.590000000000000968e+00,1.664859002169197522e-01
1.600000000000000977e+00,1.493936052921719937e-01
1.610000000000000986e+00,1.820667031164570904e-01
1.620000000000000995e+00,1.479190101237345401e-01
1.630000000000001004e+00,1.849615806805708085e-01
1.640000000000001013e+00,1.403794037940379325e-01
1.650000000000001021e+00,1.702479338842975143e-01
1.660000000000001030e+00,2.194141298104537730e-01
1.670000000000001039e+00,1.620863712843522153e-01
1.680000000000001048e+00,1.357688113413304254e-01
1.690000000000001057e+00,1.402816901408450723e-01
1.700000000000001066e+00,1.845730027548209418e-01
1.710000000000001075e+00,1.161178509532062447e-01
1.720000000000001084e+00,1.693028705330990036e-01
1.730000000000001092e+00,1.733639494833524586e-01
1.740000000000001101e+00,1.245654692931633806e-01
1.750000000000001110e+00,1.467997651203758191e-01
1.760000000000001119e+00,1.582943925233644966e-01
1.770000000000001128e+00,1.082224909310761790e-01
1.780000000000001137e+00,1.420118343195266308e-01
1.790000000000001146e+00,1.314142678347934856e-01
1.800000000000001155e+00,1.303581914268937270e-01
1.810000000000001164e+00,1.394230769230769273e-01
1.820000000000001172e+00,1.204313960455362514e-01
1.830000000000001181e+00,1.407004830917874261e-01
1.840000000000001190e+00,1.139240506329113889e-01
1.850000000000001199e+00,9.392971246006390218e-02
1.860000000000001208e+00,1.150990099009901041e-01
1.870000000000001217e+00,1.241590214067278264e-01
1.880000000000001226e+00,1.271745650869826050e-01
1.890000000000001235e+00,1.164556962025316417e-01
1.900000000000001243e+00,1.648700063411540906e-01
1.910000000000001252e+00,1.066225165562913885e-01
1.920000000000001261e+00,1.000641436818473368e-01
1.930000000000001270e+00,9.796437659033079004e-02
1.940000000000001279e+00,1.126494650723725566e-01
1.950000000000001288e+00,1.245985870263326967e-01
1.960000000000001297e+00,9.212283044058744430e-02
1.970000000000001306e+00,1.013824884792626779e-01
1.980000000000001315e+00,1.069382558879694439e-01
1.990000000000001323e+00,6.937172774869110325e-02
2.000000000000001332e+00,7.796610169491526021e-02
2.010000000000001119e+00,1.168407310704960844e-01
2.020000000000000906e+00,9.288135593220339659e-02
2.030000000000000693e+00,7.428170988086896243e-02
2.040000000000000480e+00,7.814569536423840446e-02
2.050000000000000266e+00,1.164736164736164675e-01
2.060000000000000053e+00,1.068211068211068204e-01
2.069999999999999840e+00,7.927677329624478741e-02
2.079999999999999627e+00,8.837856645789840537e-02
2.089999999999999414e+00,7.109004739336492740e-02
2.099999999999999201e+00,8.976897689768977007e-02
