5.100000000000000089e-01,2.540943230344134633e+02
5.200000000000000178e-01,2.306686536218737729e+02
5.300000000000000266e-01,2.359714998686629883e+02
5.400000000000000355e-01,2.245286493860845951e+02
5.500000000000000444e-01,2.335061218874673159e+02
5.600000000000000533e-01,2.183630009984310334e+02
5.700000000000000622e-01,2.200251696832579285e+02
5.800000000000000711e-01,2.109453811788442010e+02
5.900000000000000799e-01,1.993824179060521260e+02
6.000000000000000888e-01,2.059377764671188515e+02
6.100000000000000977e-01,1.847825562094461986e+02
6.200000000000001066e-01,1.867245434849891694e+02
6.300000000000001155e-01,1.813500157381177189e+02
6.400000000000001243e-01,1.793854730283653112e+02
6.500000000000001332e-01,1.725915586573612472e+02
6.600000000000001421e-01,1.819003719877082403e+02
6.700000000000001510e-01,1.658497536945812669e+02
6.800000000000001599e-01,1.579834499232212863e+02
6.900000000000001688e-01,1.600874660326086882e+02
7.000000000000001776e-01,1.656966966966967050e+02
7.100000000000001865e-01,1.430060742797639648e+02
7.200000000000001954e-01,1.354521880064829702e+02
7.300000000000002043e-01,1.252510136380390691e+02
7.400000000000002132e-01,1.333609836667278330e+02
7.500000000000002220e-01,1.243386116737249125e+02
7.600000000000002309e-01,1.408525724976613560e+02
7.700000000000002398e-01,1.220786666666666633e+02
7.800000000000002487e-01,1.119055164319248803e+02
7.900000000000002576e-01,9.520372941876611605e+01
8.000000000000002665e-01,1.125600393700787407e+02
8.100000000000002753e-01,1.059949979991996827e+02
8.200000000000002842e-01,8.598727015558698383e+01
8.300000000000002931e-01,9.886674866748667512e+01
8.400000000000003020e-01,8.940431714404317631e+01
8.500000000000003109e-01,7.010082037996545523e+01
8.600000000000003197e-01,7.175054513737461548e+01
8.700000000000003286e-01,6.985034013605442738e+01
8.800000000000003375e-01,4.340486015589178947e+01
8.900000000000003464e-01,6.153969650318891382e+01
9.000000000000003553e-01,5.909840909090909378e+01
9.100000000000003642e-01,3.810521415270018508e+01
9.200000000000003730e-01,5.693095616625028299e+01
9.300000000000003819e-01,4.756519699812382385e+01
9.400000000000003908e-01,4.996399723055619546e+01
9.500000000000003997e-01,2.317317896767969287e+01
9.600000000000004086e-01,4.277938731892662361e+01
9.700000000000004174e-01,3.129219083788274247e+01
9.800000000000004263e-01,2.628280378365268177e+01
9.900000000000004352e-01,2.471119221411192157e+01
1.000000000000000444e+00,2.059608323133414842e+01
1.010000000000000453e+00,1.420954045954045952e+01
1.020000000000000462e+00,6.087692696487238209e+00
1.030000000000000471e+00,6.931759211209133298e+00
1.040000000000000480e+00,1.400503018108651965e+01
1.050000000000000488e+00,1.482503293807641676e+01
1.060000000000000497e+00,8.725216933999474733e+00
1.070000000000000506e+00,4.910771704180064035e+00
1.080000000000000515e+00,3.630294906166219970e+00
1.090000000000000524e+00,5.259605122732123661e+00
1.100000000000000533e+00,3.126036484245439340e+00
1.110000000000000542e+00,2.635019897669130362e+00
1.120000000000000551e+00,2.456564520663480522e+00
1.130000000000000560e+00,3.588664421997755483e+00
1.140000000000000568e+00,2.664761360388682387e+00
1.150000000000000577e+00,2.318155947638019132e+00
1.160000000000000586e+00,3.136696978586095419e+00
1.170000000000000595e+00,1.465589467384799560e+00
1.180000000000000604e+00,1.360660660660660604e+00
1.190000000000000613e+00,1.637795275590551158e+00
1.200000000000000622e+00,1.230722525804492928e+00
1.210000000000000631e+00,1.289506172839506082e+00
1.220000000000000639e+00,1.328066914498141182e+00
1.230000000000000648e+00,1.146822948797038944e+00
1.240000000000000657e+00,1.267217630853994415e+00
1.250000000000000666e+00,1.109409190371991150e+00
1.260000000000000675e+00,1.098249923242247572e+00
1.270000000000000684e+00,8.717030283295343907e-01
1.280000000000000693e+00,1.744923076923077021e+00
1.290000000000000702e+00,8.279158699808795152e-01
1.300000000000000711e+00,6.931287525016678330e-01
1.310000000000000719e+00,7.501667778519012231e-01
1.320000000000000728e+00,9.157413455258001100e-01
1.330000000000000737e+00,1.247385620915032689e+00
1.340000000000000746e+00,8.038293584145113080e-01
1.350000000000000755e+00,8.787675820495646217e-01
1.360000000000000764e+00,6.134885313248887861e-01
1.370000000000000773e+00,7.004638833664678099e-01
1.380000000000000782e+00,7.409395973154362380e-01
1.390000000000000790e+00,7.983050847457626720e-01
1.400000000000000799e+00,6.157068062827225630e-01
1.410000000000000808e+00,7.752261656228253139e-01
1.420000000000000817e+00,4.836389787846098742e-01
1.430000000000000826e+00,6.402417348027017452e-01
1.440000000000000835e+00,4.958647968356706404e-01
1.450000000000000844e+00,3.779177473138199406e-01
1.460000000000000853e+00,4.593214155417730815e-01
1.470000000000000862e+00,5.827232796486090383e-01
1.480000000000000870e+00,5.776734104046242768e-01
1.490000000000000879e+00,2.957957957957957906e-01
1.500000000000000888e+00,5.044809559372666063e-01
1.510000000000000897e+00,3.252965939533103978e-01
1.520000000000000906e+00,3.434998093785741613e-01
1.530000000000000915e+00,3.566902720834886353e-01
1.540000000000000924e+00,2.562893081761006275e-01
1.550000000000000933e+00,3.693419551160136982e-01
1.560000000000000941e+00,3.933358866334737414e-01
1.570000000000000950e+00,3.633163863903011159e-01
1.580000000000000959e+00,2.695652173913043459e-01
1.590000000000000968e+00,2.838605028386050333e-01
1.600000000000000977e+00,3.016186340307935310e-01
1.610000000000000986e+00,3.448003163305654595e-01
1.620000000000000995e+00,2.718724448078495559e-01
1.630000000000001004e+00,2.905844155844156118e-01
1.640000000000001013e+00,2.251028806584362274e-01
1.650000000000001021e+00,2.098868873062421370e-01
1.660000000000001030e+00,2.871649065800162548e-01
1.670000000000001039e+00,2.353684210526315879e-01
1.680000000000001048e+00,2.244809688581314855e-01
1.690000000000001057e+00,1.894918173987941434e-01
1.700000000000001066e+00,2.141615986099044411e-01
1.710000000000001075e+00,2.120307167235494783e-01
1.720000000000001084e+00,1.896915927334178187e-01
1.730000000000001092e+00,2.152117545375972218e-01
1.740000000000001101e+00,2.049873203719357606e-01
1.750000000000001110e+00,1.853763440860214939e-01
1.760000000000001119e+00,2.528433945756780599e-01
1.770000000000001128e+00,1.589374155785682197e-01
1.780000000000001137e+00,2.448169386854874285e-01
1.790000000000001146e+00,1.620553359683794548e-01
1.800000000000001155e+00,1.467391304347826220e-01
1.810000000000001164e+00,1.409152695967376412e-01
1.820000000000001172e+00,1.740690892777030097e-01
1.830000000000001181e+00,1.827664399092970571e-01
1.840000000000001190e+00,1.565299387081565408e-01
1.850000000000001199e+00,1.488286632981166702e-01
1.860000000000001208e+00,1.487108655616942998e-01
1.870000000000001217e+00,2.775528565002249315e-01
1.880000000000001226e+00,1.465598491988689966e-01
1.890000000000001235e+00,1.484777517564402904e-01
1.900000000000001243e+00,1.415398801290917441e-01
1.910000000000001252e+00,1.590156176053005299e-01
1.920000000000001261e+00,1.482387475538160526e-01
1.930000000000001270e+00,1.320224719101123489e-01
1.940000000000001279e+00,1.451990632318501118e-01
1.950000000000001288e+00,1.340057636887607984e-01
1.960000000000001297e+00,8.761329305135952261e-02
1.970000000000001306e+00,1.009036144578313310e-01
1.980000000000001315e+00,1.252465483234714017e-01
1.990000000000001323e+00,1.822660098522167482e-01
2.000000000000001332e+00,1.388358778625954082e-01
2.010000000000001119e+00,1.212121212121212155e-01
2.020000000000000906e+00,1.130171543895055475e-01
2.030000000000000693e+00,9.049773755656108365e-02
2.040000000000000480e+00,8.422664624808576250e-02
2.050000000000000266e+00,1.069182389937106958e-01
2.060000000000000053e+00,1.414192249622546471e-01
2.069999999999999840e+00,1.055327868852459078e-01
2.079999999999999627e+00,7.049180327868852236e-02
2.089999999999999414e+00,1.079027355623100315e-01
2.099999999999999201e+00,6.525116519937855519e-02
