5.100000000000000089e-01,2.449393160195423036e+02
5.200000000000000178e-01,2.319312483845955057e+02
5.300000000000000266e-01,2.196253899362538959e+02
5.400000000000000355e-01,2.277043785694859821e+02
5.500000000000000444e-01,2.223005366726297041e+02
5.600000000000000533e-01,2.216240157480314963e+02
5.700000000000000622e-01,2.131653220099080102e+02
5.800000000000000711e-01,2.009566940692894832e+02
5.900000000000000799e-01,2.135720594729868935e+02
6.000000000000000888e-01,1.889444949954504125e+02
6.100000000000000977e-01,1.918606980273141005e+02
6.200000000000001066e-01,1.923145224323901914e+02
6.300000000000001155e-01,1.831197238349286067e+02
6.400000000000001243e-01,1.871306341926300831e+02
6.500000000000001332e-01,1.736711161145062761e+02
6.600000000000001421e-01,1.804341188184533564e+02
6.700000000000001510e-01,1.720133377243537041e+02
6.800000000000001599e-01,1.581626527050610775e+02
6.900000000000001688e-01,1.587478455704929274e+02
7.000000000000001776e-01,1.475791251778094022e+02
7.100000000000001865e-01,1.720940021045247192e+02
7.200000000000001954e-01,1.685078919677306146e+02
7.300000000000002043e-01,1.399584396646008031e+02
7.400000000000002132e-01,1.246203028603477350e+02
7.500000000000002220e-01,1.356149812734082332e+02
7.600000000000002309e-01,1.118042348411934483e+02
7.700000000000002398e-01,1.243325666091623560e+02
7.800000000000002487e-01,1.041068036441170790e+02
7.900000000000002576e-01,1.044633220067959201e+02
8.000000000000002665e-01,1.084210421638822623e+02
8.100000000000002753e-01,1.045195366188886652e+02
8.200000000000002842e-01,1.022999181669394488e+02
8.300000000000002931e-01,8.167372881355932179e+01
8.400000000000003020e-01,9.090114702815432679e+01
8.500000000000003109e-01,7.191851382731687181e+01
8.600000000000003197e-01,6.600813182109993704e+01
8.700000000000003286e-01,7.065182450043440099e+01
8.800000000000003375e-01,7.655270034843205451e+01
8.900000000000003464e-01,5.331589492430988741e+01
9.000000000000003553e-01,5.116791979949874758e+01
9.100000000000003642e-01,2.710287303058387565e+01
9.200000000000003730e-01,3.697776748494673171e+01
9.300000000000003819e-01,3.085781433607520441e+01
9.400000000000003908e-01,4.799347319347319285e+01
9.500000000000003997e-01,1.861486649025739837e+01
9.600000000000004086e-01,3.861531213191990730e+01
9.700000000000004174e-01,3.181526201400627940e+01
9.800000000000004263e-01,1.631972454500737868e+01
9.900000000000004352e-01,3.072206165703275360e+01
1.000000000000000444e+00,1.622543352601156030e+01
1.010000000000000453e+00,2.177578144228402834e+01
1.020000000000000462e+00,1.530472636815920318e+01
1.030000000000000471e+00,6.152229625832906557e+00
1.040000000000000480e+00,1.923567206373682836e+01
1.050000000000000488e+00,6.623480734419446847e+00
1.060000000000000497e+00,3.801838334685049947e+00
1.070000000000000506e+00,7.729265715795034630e+00
1.080000000000000515e+00,4.473278383408668013e+00
1.090000000000000524e+00,9.003764452809894792e+00
1.100000000000000533e+00,4.476125511596180218e+00
1.110000000000000542e+00,5.592893951722267332e+00
1.120000000000000551e+00,4.604241255852381975e+00
1.130000000000000560e+00,2.328281384043465962e+00
1.140000000000000568e+00,1.803052538890519418e+00
1.150000000000000577e+00,2.184443134944018983e+00
1.160000000000000586e+00,2.346689895470383203e+00
1.170000000000000595e+00,2.960990888382688091e+00
1.180000000000000604e+00,1.350322202694786089e+00
1.190000000000000613e+00,1.526064938933571646e+00
1.200000000000000622e+00,1.529960855164107292e+00
1.210000000000000631e+00,1.543349168646080738e+00
1.220000000000000639e+00,1.554054054054053946e+00
1.230000000000000648e+00,1.447265034753701940e+00
1.240000000000000657e+00,1.152755905511811063e+00
1.250000000000000666e+00,1.193769470404984379e+00
1.260000000000000675e+00,1.093557785691162243e+00
1.270000000000000684e+00,1.217216908361616889e+00
1.280000000000000693e+00,1.151994933502216600e+00
1.290000000000000702e+00,8.488673139158575687e-01
1.300000000000000711e+00,7.020460358056266337e-01
1.310000000000000719e+00,8.854033290653009480e-01
1.320000000000000728e+00,7.984853473822851599e-01
1.330000000000000737e+00,8.964613368283093076e-01
1.340000000000000746e+00,9.133157547791693753e-01
1.350000000000000755e+00,9.403463758819756713e-01
1.360000000000000764e+00,6.182197496522948699e-01
1.370000000000000773e+00,6.445126107702794371e-01
1.380000000000000782e+00,7.043684388757196491e-01
1.390000000000000790e+00,6.009094088842252823e-01
1.400000000000000799e+00,7.124780316344464515e-01
1.410000000000000808e+00,4.570607258354293934e-01
1.420000000000000817e+00,4.468468468468468346e-01
1.430000000000000826e+00,5.947075208913649158e-01
1.440000000000000835e+00,4.791742122419413441e-01
1.450000000000000844e+00,5.379724478982691460e-01
1.460000000000000853e+00,6.290843806104129410e-01
1.470000000000000862e+00,5.272921869425615249e-01
1.480000000000000870e+00,4.046459348070438611e-01
1.490000000000000879e+00,3.852303007232584786e-01
1.500000000000000888e+00,3.779673590504450953e-01
1.510000000000000897e+00,2.648437499999999889e-01
1.520000000000000906e+00,2.637703646237393174e-01
1.530000000000000915e+00,3.955336866010598085e-01
1.540000000000000924e+00,2.929838087895142440e-01
1.550000000000000933e+00,4.125438254772107460e-01
1.560000000000000941e+00,3.110755697720911650e-01
1.570000000000000950e+00,2.811873245086241591e-01
1.580000000000000959e+00,3.326596604688762948e-01
1.590000000000000968e+00,3.947264856355765517e-01
1.600000000000000977e+00,2.502017756255044412e-01
1.610000000000000986e+00,3.620213185945518886e-01
1.620000000000000995e+00,2.623015873015873134e-01
1.630000000000001004e+00,3.200845665961944975e-01
1.640000000000001013e+00,2.563380281690140761e-01
1.650000000000001021e+00,2.479406919275123633e-01
1.660000000000001030e+00,3.384928716904276880e-01
1.670000000000001039e+00,3.182179793158313452e-01
1.680000000000001048e+00,3.193629505448449257e-01
1.690000000000001057e+00,2.434154630416312526e-01
1.700000000000001066e+00,2.670525010334849347e-01
1.710000000000001075e+00,2.606675116180819374e-01
1.720000000000001084e+00,2.274659863945578120e-01
1.730000000000001092e+00,2.836318200749687879e-01
1.740000000000001101e+00,2.466695315857327098e-01
1.750000000000001110e+00,2.110698058653449061e-01
1.760000000000001119e+00,1.943722943722943630e-01
1.770000000000001128e+00,1.659900766801984673e-01
1.780000000000001137e+00,1.687823225199811816e-01
1.790000000000001146e+00,2.209969122187913637e-01
1.800000000000001155e+00,1.559139784946236562e-01
1.810000000000001164e+00,1.779000458505272941e-01
1.820000000000001172e+00,1.730245231607629441e-01
1.830000000000001181e+00,1.449549976314542798e-01
1.840000000000001190e+00,1.518810961449140740e-01
1.850000000000001199e+00,1.627039627039627012e-01
1.860000000000001208e+00,1.356092935040303371e-01
1.870000000000001217e+00,1.167350661194710426e-01
1.880000000000001226e+00,1.119638826185101604e-01
1.890000000000001235e+00,1.341929321872015191e-01
1.900000000000001243e+00,1.368124118476727880e-01
1.910000000000001252e+00,1.001458434613514831e-01
1.920000000000001261e+00,1.292217327459618259e-01
1.930000000000001270e+00,1.190123456790123518e-01
1.940000000000001279e+00,1.515729265967588058e-01
1.950000000000001288e+00,1.236867239732569179e-01
1.960000000000001297e+00,1.224181360201511276e-01
1.970000000000001306e+00,1.453658536585365757e-01
1.980000000000001315e+00,1.412158927716610779e-01
1.990000000000001323e+00,1.300773694390715551e-01
2.000000000000001332e+00,1.319340329835082537e-01
2.010000000000001119e+00,1.051051051051051094e-01
2.020000000000000906e+00,1.557572861920688001e-01
2.030000000000000693e+00,1.545679012345679004e-01
2.040000000000000480e+00,7.468879668049792364e-02
2.050000000000000266e+00,1.006781429316640636e-01
2.060000000000000053e+00,9.331175836030204673e-02
2.069999999999999840e+00,1.033604887983706755e-01
2.079999999999999627e+00,1.158003088008234677e-01
2.089999999999999414e+00,8.620689655172414367e-02
2.099999999999999201e+00,7.888888888888888340e-02
