5.100000000000000089e-01,2.439283957011523967e+02
5.200000000000000178e-01,2.340206589958158929e+02
5.300000000000000266e-01,2.229829025844930470e+02
5.400000000000000355e-01,2.212751344642118454e+02
5.500000000000000444e-01,2.294203120646419620e+02
5.600000000000000533e-01,2.217231092436974791e+02
5.700000000000000622e-01,2.217331544003390320e+02
5.800000000000000711e-01,2.086329794968736451e+02
5.900000000000000799e-01,2.115594812164579537e+02
6.000000000000000888e-01,2.010968899521531057e+02
6.100000000000000977e-01,1.890346083788706721e+02
6.200000000000001066e-01,1.879342765860337749e+02
6.300000000000001155e-01,1.773693548387096826e+02
6.400000000000001243e-01,1.801916973874018311e+02
6.500000000000001332e-01,1.733441738846216822e+02
6.600000000000001421e-01,1.532263479145472900e+02
6.700000000000001510e-01,1.621459334106344272e+02
6.800000000000001599e-01,1.595558401639344197e+02
6.900000000000001688e-01,1.340424569340525522e+02
7.000000000000001776e-01,1.449183498801780274e+02
7.100000000000001865e-01,1.394858099770844433e+02
7.200000000000001954e-01,1.444132708258204048e+02
7.300000000000002043e-01,1.516773675762439666e+02
7.400000000000002132e-01,1.302727441860465092e+02
7.500000000000002220e-01,1.222663979479662828e+02
7.600000000000002309e-01,1.122684200348095089e+02
7.700000000000002398e-01,1.231029499109087340e+02
7.800000000000002487e-01,1.180825365853658582e+02
7.900000000000002576e-01,1.040485360581646717e+02
8.000000000000002665e-01,1.026409638554216883e+02
8.100000000000002753e-01,9.841075399231857546e+01
8.200000000000002842e-01,8.382912423625253950e+01
8.300000000000002931e-01,7.775279271824575744e+01
8.400000000000003020e-01,9.299558266722759470e+01
8.500000000000003109e-01,8.824952820297755807e+01
8.600000000000003197e-01,7.674073280479966286e+01
8.700000000000003286e-01,8.168854961832060724e+01
8.800000000000003375e-01,7.373254799301919604e+01
8.900000000000003464e-01,4.937968750000000284e+01
9.000000000000003553e-01,4.875332881967953114e+01
9.100000000000003642e-01,4.980360812970997841e+01
9.200000000000003730e-01,4.504880869766365947e+01
9.300000000000003819e-01,4.149167063303188741e+01
9.400000000000003908e-01,4.908116209361309501e+01
9.500000000000003997e-01,3.163445867287543578e+01
9.600000000000004086e-01,2.838988737119578332e+01
9.700000000000004174e-01,2.898658682634730610e+01
9.800000000000004263e-01,1.636288759689922401e+01
9.900000000000004352e-01,2.066157635467980214e+01
1.000000000000000444e+00,2.086693049715557891e+01
1.010000000000000453e+00,2.045639891918447617e+01
1.020000000000000462e+00,6.313014403292180887e+00
1.030000000000000471e+00,1.505384026537381992e+01
1.040000000000000480e+00,8.657692307692308020e+00
1.050000000000000488e+00,5.430315901247677601e+00
1.060000000000000497e+00,4.428794584743556584e+00
1.070000000000000506e+00,5.949907235621521018e+00
1.080000000000000515e+00,5.007438894792773709e+00
1.090000000000000524e+00,5.104015090272163491e+00
1.100000000000000533e+00,2.457167332952598482e+00
1.110000000000000542e+00,3.184542145057406959e+00
1.120000000000000551e+00,2.778846153846153744e+00
1.130000000000000560e+00,1.959428571428571519e+00
1.140000000000000568e+00,2.188684663986214751e+00
1.150000000000000577e+00,2.893198426082068675e+00
1.160000000000000586e+00,2.462734741784037507e+00
1.170000000000000595e+00,1.897740112994350303e+00
1.180000000000000604e+00,1.904902539870053202e+00
1.190000000000000613e+00,1.264614427860696555e+00
1.200000000000000622e+00,2.146263448676941188e+00
1.210000000000000631e+00,1.822262118491920990e+00
1.220000000000000639e+00,1.319452887537993835e+00
1.230000000000000648e+00,1.092506938020351592e+00
1.240000000000000657e+00,1.262916539284622441e+00
1.250000000000000666e+00,9.925256929305512621e-01
1.260000000000000675e+00,9.764780673871582550e-01
1.270000000000000684e+00,7.641810070108349118e-01
1.280000000000000693e+00,9.586620384979488430e-01
1.290000000000000702e+00,8.550724637681159646e-01
1.300000000000000711e+00,9.499999999999999556e-01
1.310000000000000719e+00,7.698386565689825378e-01
1.320000000000000728e+00,9.912422964644826973e-01
1.330000000000000737e+00,1.186024250159540605e+00
1.340000000000000746e+00,6.621893888515781867e-01
1.350000000000000755e+00,5.923931336250420898e-01
1.360000000000000764e+00,9.943086709072648244e-01
1.370000000000000773e+00,8.131942107034668688e-01
1.380000000000000782e+00,5.713784636969484465e-01
1.390000000000000790e+00,6.259758694109297528e-01
1.400000000000000799e+00,7.006478008864643892e-01
1.410000000000000808e+00,4.301793879704537416e-01
1.420000000000000817e+00,5.523297491039426133e-01
1.430000000000000826e+00,5.078627591136526398e-01
1.440000000000000835e+00,5.100548446069469444e-01
1.450000000000000844e+00,4.297888106706187483e-01
1.460000000000000853e+00,4.397790055248618768e-01
1.470000000000000862e+00,6.490850376749193185e-01
1.480000000000000870e+00,4.987089634821099127e-01
1.490000000000000879e+00,3.280647648419429685e-01
1.500000000000000888e+00,4.768501640539555275e-01
1.510000000000000897e+00,5.480268056589724379e-01
1.520000000000000906e+00,3.198769703960015476e-01
1.530000000000000915e+00,3.122378955394586320e-01
1.540000000000000924e+00,5.001947798987144145e-01
1.550000000000000933e+00,3.579693915640164148e-01
1.560000000000000941e+00,2.507961783439490722e-01
1.570000000000000950e+00,3.125499600319744387e-01
1.580000000000000959e+00,3.596730245231607448e-01
1.590000000000000968e+00,3.394848135332564354e-01
1.600000000000000977e+00,2.908798714343109881e-01
1.610000000000000986e+00,2.934959349593496136e-01
1.620000000000000995e+00,2.483300589390962654e-01
1.630000000000001004e+00,2.542717656631407475e-01
1.640000000000001013e+00,2.540406133443846026e-01
1.650000000000001021e+00,2.861815208503679653e-01
1.660000000000001030e+00,2.262349522623495202e-01
1.670000000000001039e+00,2.935181410517733180e-01
1.680000000000001048e+00,2.704507512520867851e-01
1.690000000000001057e+00,2.066895368782161180e-01
1.700000000000001066e+00,2.580241767403084752e-01
1.710000000000001075e+00,2.540206185567010500e-01
1.720000000000001084e+00,2.163716814159291901e-01
1.730000000000001092e+00,2.377227292481529641e-01
1.740000000000001101e+00,1.938325991189427389e-01
1.750000000000001110e+00,2.377341659232827809e-01
1.760000000000001119e+00,1.656193895870736177e-01
1.770000000000001128e+00,1.299283154121863848e-01
1.780000000000001137e+00,1.351468048359240059e-01
1.790000000000001146e+00,2.059344552701505848e-01
1.800000000000001155e+00,1.900864029104138153e-01
1.810000000000001164e+00,1.777272727272727337e-01
1.820000000000001172e+00,1.209640745793542499e-01
1.830000000000001181e+00,1.509695290858725780e-01
1.840000000000001190e+00,2.161434977578475247e-01
1.850000000000001199e+00,2.490974729241877128e-01
1.860000000000001208e+00,1.442531409958120181e-01
1.870000000000001217e+00,2.054281703322414498e-01
1.880000000000001226e+00,1.420560747663551504e-01
1.890000000000001235e+00,1.720675490643541750e-01
1.900000000000001243e+00,1.622889305816135053e-01
1.910000000000001252e+00,1.234626300851466435e-01
1.920000000000001261e+00,9.783156833081189940e-02
1.930000000000001270e+00,1.152362584378013449e-01
1.940000000000001279e+00,1.134820562560620721e-01
1.950000000000001288e+00,1.095607235142118802e-01
1.960000000000001297e+00,1.102244389027431382e-01
1.970000000000001306e+00,1.425024826216484686e-01
1.980000000000001315e+00,1.374269005847953140e-01
1.990000000000001323e+00,9.882832399388691291e-02
2.000000000000001332e+00,1.584352078239608663e-01
2.010000000000001119e+00,8.725542041248017522e-02
2.020000000000000906e+00,1.538088306647258652e-01
2.030000000000000693e+00,1.086956521739130405e-01
2.040000000000000480e+00,9.770992366412213637e-02
2.050000000000000266e+00,9.613428280773143875e-02
2.060000000000000053e+00,9.541000515729756992e-02
2.069999999999999840e+00,1.230769230769230838e-01
2.079999999999999627e+00,9.334657398212511947e-02
2.089999999999999414e+00,1.263650546021840848e-01
2.099999999999999201e+00,1.078988125967991762e-01
