5.100000000000000089e-01,2.450506442148233077e+02
5.200000000000000178e-01,2.396994378350111106e+02
5.300000000000000266e-01,2.390300662251655694e+02
5.400000000000000355e-01,2.323230231307154270e+02
5.500000000000000444e-01,2.281953896816685017e+02
5.600000000000000533e-01,2.096834177927927954e+02
5.700000000000000622e-01,2.196267029972752027e+02
5.800000000000000711e-01,1.927250146972369294e+02
5.900000000000000799e-01,1.955254391278013202e+02
6.000000000000000888e-01,1.925196122974405455e+02
6.100000000000000977e-01,1.877770402775682612e+02
6.200000000000001066e-01,1.713831935383659584e+02
6.300000000000001155e-01,1.876950672645739928e+02
6.400000000000001243e-01,1.769739507959478999e+02
6.500000000000001332e-01,1.827165214585349986e+02
6.600000000000001421e-01,1.764103120307024994e+02
6.700000000000001510e-01,1.662188351498637644e+02
6.800000000000001599e-01,1.583939190324206265e+02
6.900000000000001688e-01,1.617292197858235454e+02
7.000000000000001776e-01,1.659246869102761934e+02
7.100000000000001865e-01,1.532009881771660389e+02
7.200000000000001954e-01,1.430372580936878251e+02
7.300000000000002043e-01,1.384356292823656815e+02
7.400000000000002132e-01,1.298011902547889065e+02
7.500000000000002220e-01,1.136638592551001352e+02
7.600000000000002309e-01,1.192734508243320022e+02
7.700000000000002398e-01,1.291518745218056665e+02
7.800000000000002487e-01,1.099164759725400415e+02
7.900000000000002576e-01,8.829284723598176754e+01
8.000000000000002665e-01,1.127999999999999972e+02
8.100000000000002753e-01,1.059947229551451215e+02
8.200000000000002842e-01,8.037434343434343020e+01
8.300000000000002931e-01,7.310962962962962308e+01
8.400000000000003020e-01,6.949870073624946087e+01
8.500000000000003109e-01,7.979193785429350783e+01
8.600000000000003197e-01,8.664608177172061687e+01
8.700000000000003286e-01,6.630239192451173835e+01
8.800000000000003375e-01,7.238500218627022775e+01
8.900000000000003464e-01,7.117134159599912380e+01
9.000000000000003553e-01,6.784537927948086633e+01
9.100000000000003642e-01,4.705436304246383372e+01
9.200000000000003730e-01,3.522308598351001052e+01
9.300000000000003819e-01,3.844149952244507773e+01
9.400000000000003908e-01,3.407898966704937038e+01
9.500000000000003997e-01,5.424362274748420276e+01
9.600000000000004086e-01,1.686595174262734531e+01
9.700000000000004174e-01,3.851869839728023237e+01
9.800000000000004263e-01,2.660836408364083638e+01
9.900000000000004352e-01,2.975175757575757629e+01
1.000000000000000444e+00,1.225885011298016636e+01
1.010000000000000453e+00,1.003487205218263867e+01
1.020000000000000462e+00,1.316996951219512191e+01
1.030000000000000471e+00,1.608226550486929796e+01
1.040000000000000480e+00,9.994356080041047363e+00
1.050000000000000488e+00,9.685378923194692291e+00
1.060000000000000497e+00,3.986716259298618503e+00
1.070000000000000506e+00,4.687500000000000000e+00
1.080000000000000515e+00,4.423715415019763064e+00
1.090000000000000524e+00,2.809884863802302846e+00
1.100000000000000533e+00,4.006484733855714353e+00
1.110000000000000542e+00,4.574246575342465704e+00
1.120000000000000551e+00,3.054084507042253538e+00
1.130000000000000560e+00,2.545353675450762854e+00
1.140000000000000568e+00,2.727585219134918582e+00
1.150000000000000577e+00,2.942058823529411615e+00
1.160000000000000586e+00,1.548115942028985614e+00
1.170000000000000595e+00,1.525051882597094677e+00
1.180000000000000604e+00,1.318884510457714487e+00
1.190000000000000613e+00,1.271719038817005654e+00
1.200000000000000622e+00,2.426905829596412545e+00
1.210000000000000631e+00,1.130274099168463220e+00
1.220000000000000639e+00,1.031398667935299773e+00
1.230000000000000648e+00,9.061338289962824755e-01
1.240000000000000657e+00,1.229320987654320962e+00
1.250000000000000666e+00,8.536824877250409616e-01
1.260000000000000675e+00,1.457230769230769329e+00
1.270000000000000684e+00,1.029092071611253267e+00
1.280000000000000693e+00,1.203581526861451367e+00
1.290000000000000702e+00,1.065563128854268182e+00
1.300000000000000711e+00,8.410765780198654618e-01
1.310000000000000719e+00,7.375491480996068105e-01
1.320000000000000728e+00,7.045980813761164585e-01
1.330000000000000737e+00,8.185723727693324792e-01
1.340000000000000746e+00,9.100299900033321787e-01
1.350000000000000755e+00,7.825051055139550238e-01
1.360000000000000764e+00,6.147455867082035619e-01
1.370000000000000773e+00,6.624181880812952672e-01
1.380000000000000782e+00,5.209334248455731453e-01
1.390000000000000790e+00,6.154108421411523810e-01
1.400000000000000799e+00,5.042164441321153046e-01
1.410000000000000808e+00,4.629826425788168831e-01
1.420000000000000817e+00,4.306752873563218231e-01
1.430000000000000826e+00,6.304347826086956763e-01
1.440000000000000835e+00,6.159058487874464749e-01
1.450000000000000844e+00,5.757035981474883934e-01
1.460000000000000853e+00,4.503071919045897875e-01
1.470000000000000862e+00,3.356903609973948543e-01
1.480000000000000870e+00,3.420955201777119425e-01
1.490000000000000879e+00,3.484129879605983304e-01
1.500000000000000888e+00,4.289996253278381411e-01
1.510000000000000897e+00,4.183412495432956013e-01
1.520000000000000906e+00,3.426067073170731558e-01
1.530000000000000915e+00,3.828306264501160072e-01
1.540000000000000924e+00,3.067577828397873851e-01
1.550000000000000933e+00,3.255109765329295968e-01
1.560000000000000941e+00,3.683191324554608848e-01
1.570000000000000950e+00,2.481898632341110189e-01
1.580000000000000959e+00,2.629908766362554773e-01
1.590000000000000968e+00,3.615323224261771662e-01
1.600000000000000977e+00,2.689041649818034729e-01
1.610000000000000986e+00,2.839000409668168690e-01
1.620000000000000995e+00,3.045930701047542266e-01
1.630000000000001004e+00,1.995094031071136531e-01
1.640000000000001013e+00,2.281553398058252524e-01
1.650000000000001021e+00,2.462271644162033479e-01
1.660000000000001030e+00,2.922764227642276613e-01
1.670000000000001039e+00,2.730989370400654370e-01
1.680000000000001048e+00,2.306458082631367701e-01
1.690000000000001057e+00,1.966580976863753216e-01
1.700000000000001066e+00,1.979209979209979320e-01
1.710000000000001075e+00,2.964239551917277060e-01
1.720000000000001084e+00,1.835853131749460021e-01
1.730000000000001092e+00,1.860666378191259129e-01
1.740000000000001101e+00,1.764450239026510159e-01
1.750000000000001110e+00,2.224123182207014549e-01
1.760000000000001119e+00,2.020997375328084100e-01
1.770000000000001128e+00,1.875559534467323153e-01
1.780000000000001137e+00,1.583184257602862355e-01
1.790000000000001146e+00,2.150776053215077699e-01
1.800000000000001155e+00,2.336195210122006261e-01
1.810000000000001164e+00,1.348879743941472364e-01
1.820000000000001172e+00,1.403837154890032746e-01
1.830000000000001181e+00,1.365991521431935973e-01
1.840000000000001190e+00,1.261134552273792675e-01
1.850000000000001199e+00,1.228893058161350804e-01
1.860000000000001208e+00,1.300407793384684985e-01
1.870000000000001217e+00,1.270207852193995512e-01
1.880000000000001226e+00,1.243068391866913175e-01
1.890000000000001235e+00,1.161103047895500756e-01
1.900000000000001243e+00,1.351351351351351426e-01
1.910000000000001252e+00,1.204414587332053727e-01
1.920000000000001261e+00,1.386827458256029710e-01
1.930000000000001270e+00,1.077147016011644892e-01
1.940000000000001279e+00,1.223793271574841607e-01
1.950000000000001288e+00,1.173891865562591286e-01
1.960000000000001297e+00,8.637709772951629450e-02
1.970000000000001306e+00,8.949416342412451486e-02
1.980000000000001315e+00,1.323529411764705899e-01
1.990000000000001323e+00,9.086268504338948504e-02
2.000000000000001332e+00,1.175327829043224803e-01
2.010000000000001119e+00,1.290793960058451151e-01
2.020000000000000906e+00,9.017632241813601512e-02
2.030000000000000693e+00,1.063072227873855524e-01
2.040000000000000480e+00,9.959349593495935016e-02
2.050000000000000266e+00,1.294416243654822329e-01
2.060000000000000053e+00,1.124109867751780234e-01
2.069999999999999840e+00,1.454823889739663145e-01
2.079999999999999627e+00,9.283819628647214939e-02
2.089999999999999414e+00,9.275215408008109785e-02
2.099999999999999201e+00,8.983324367939753141e-02
