5.100000000000000089e-01,2.475831571090931789e+02
5.200000000000000178e-01,2.503267197493799756e+02
5.300000000000000266e-01,2.301838035811177292e+02
5.400000000000000355e-01,2.291322202773663719e+02
5.500000000000000444e-01,2.190547869396790190e+02
5.600000000000000533e-01,2.201305696559503531e+02
5.700000000000000622e-01,2.184318836405529964e+02
5.800000000000000711e-01,2.034649414486048897e+02
5.900000000000000799e-01,2.051908475573866895e+02
6.000000000000000888e-01,1.846740207113912788e+02
6.100000000000000977e-01,1.973882938603107675e+02
6.200000000000001066e-01,1.846285623812539711e+02
6.300000000000001155e-01,1.860210309930423875e+02
6.400000000000001243e-01,1.886356819246992700e+02
6.500000000000001332e-01,1.815811636129861881e+02
6.600000000000001421e-01,1.748868386675375461e+02
6.700000000000001510e-01,1.637398968900715204e+02
6.800000000000001599e-01,1.718464243845251929e+02
6.900000000000001688e-01,1.512841708111816104e+02
7.000000000000001776e-01,1.454551259311812714e+02
7.100000000000001865e-01,1.562996995935677660e+02
7.200000000000001954e-01,1.585223777432175609e+02
7.300000000000002043e-01,1.322914847161572141e+02
7.400000000000002132e-01,1.313260039978193845e+02
7.500000000000002220e-01,1.463130096367679869e+02
7.600000000000002309e-01,1.265588905775075972e+02
7.700000000000002398e-01,1.125277723640615903e+02
7.800000000000002487e-01,1.183839574225432472e+02
7.900000000000002576e-01,1.085103215561730821e+02
8.000000000000002665e-01,1.232458284827318522e+02
8.100000000000002753e-01,9.119075613217108867e+01
8.200000000000002842e-01,8.224973942047112985e+01
8.300000000000002931e-01,9.510558100791337210e+01
8.400000000000003020e-01,8.140151038388923155e+01
8.500000000000003109e-01,7.849871189351652845e+01
8.600000000000003197e-01,8.637967021498643305e+01
8.700000000000003286e-01,7.585815147625160648e+01
8.800000000000003375e-01,8.260363716038563098e+01
8.900000000000003464e-01,6.969299781181619835e+01
9.000000000000003553e-01,3.807346663671085452e+01
9.100000000000003642e-01,4.750729517396184320e+01
9.200000000000003730e-01,3.937810487580496499e+01
9.300000000000003819e-01,5.180478735765744602e+01
9.400000000000003908e-01,6.122325475974614761e+01
9.500000000000003997e-01,4.348470698108802424e+01
9.600000000000004086e-01,2.456602409638554363e+01
9.700000000000004174e-01,3.647184793070260156e+01
9.800000000000004263e-01,2.238124538518336237e+01
9.900000000000004352e-01,2.277608206154615900e+01
1.000000000000000444e+00,1.444974999999999987e+01
1.010000000000000453e+00,5.623169791934240713e+00
1.020000000000000462e+00,2.107792533199699392e+01
1.030000000000000471e+00,1.146246786632390702e+01
1.040000000000000480e+00,6.006709677419355131e+00
1.050000000000000488e+00,5.214039735099337491e+00
1.060000000000000497e+00,9.037958450884842065e+00
1.070000000000000506e+00,1.113597733711048221e+01
1.080000000000000515e+00,4.890659340659341048e+00
1.090000000000000524e+00,4.154816206063858708e+00
1.100000000000000533e+00,3.474092546411748472e+00
1.110000000000000542e+00,3.621540965816603563e+00
1.120000000000000551e+00,2.309949692565679058e+00
1.130000000000000560e+00,2.950824252584520746e+00
1.140000000000000568e+00,2.158780841799709638e+00
1.150000000000000577e+00,2.678440237355184994e+00
1.160000000000000586e+00,1.708781362007168569e+00
1.170000000000000595e+00,1.124850657108721563e+00
1.180000000000000604e+00,2.450188788846936028e+00
1.190000000000000613e+00,1.707420924574209353e+00
1.200000000000000622e+00,2.589467384799521099e+00
1.210000000000000631e+00,1.253345498783454914e+00
1.220000000000000639e+00,1.459361830222757339e+00
1.230000000000000648e+00,1.335925349922239436e+00
1.240000000000000657e+00,1.197534668721109474e+00
1.250000000000000666e+00,1.081022125272670609e+00
1.260000000000000675e+00,1.231130598183526548e+00
1.270000000000000684e+00,1.117977528089887596e+00
1.280000000000000693e+00,1.067991307047500671e+00
1.290000000000000702e+00,1.097684744687599023e+00
1.300000000000000711e+00,8.726217349242180177e-01
1.310000000000000719e+00,1.023338735818476453e+00
1.320000000000000728e+00,9.876261803972646858e-01
1.330000000000000737e+00,1.059428204304529331e+00
1.340000000000000746e+00,6.047924400944988399e-01
1.350000000000000755e+00,9.196694214876033335e-01
1.360000000000000764e+00,8.125616573495560990e-01
1.370000000000000773e+00,7.538304392236976348e-01
1.380000000000000782e+00,5.895598771750255596e-01
1.390000000000000790e+00,9.593220338983050599e-01
1.400000000000000799e+00,5.355648535564853097e-01
1.410000000000000808e+00,5.224901043540841616e-01
1.420000000000000817e+00,6.787052810902896027e-01
1.430000000000000826e+00,6.233628318584071293e-01
1.440000000000000835e+00,5.010917030567685337e-01
1.450000000000000844e+00,6.027249910362136864e-01
1.460000000000000853e+00,5.510277677605481816e-01
1.470000000000000862e+00,3.192771084337349130e-01
1.480000000000000870e+00,4.465408805031446660e-01
1.490000000000000879e+00,3.557971014492753437e-01
1.500000000000000888e+00,4.076025592773804829e-01
1.510000000000000897e+00,3.271065182829888673e-01
1.520000000000000906e+00,4.005335365853658347e-01
1.530000000000000915e+00,3.358576296857250787e-01
1.540000000000000924e+00,4.276899344388738755e-01
1.550000000000000933e+00,2.578313253012048389e-01
1.560000000000000941e+00,3.299879566439181122e-01
1.570000000000000950e+00,3.395477984926616455e-01
1.580000000000000959e+00,3.622409823484267211e-01
1.590000000000000968e+00,3.469308469308469145e-01
1.600000000000000977e+00,3.784530386740331265e-01
1.610000000000000986e+00,2.229508196721311508e-01
1.620000000000000995e+00,2.764356435643564591e-01
1.630000000000001004e+00,3.024096385542168752e-01
1.640000000000001013e+00,2.183186951066499459e-01
1.650000000000001021e+00,3.035930561162696883e-01
1.660000000000001030e+00,2.574898785425100978e-01
1.670000000000001039e+00,2.618043844856661195e-01
1.680000000000001048e+00,3.008957654723127262e-01
1.690000000000001057e+00,1.738045738045738142e-01
1.700000000000001066e+00,2.928782132321955389e-01
1.710000000000001075e+00,2.482847341337907354e-01
1.720000000000001084e+00,2.272149215769393715e-01
1.730000000000001092e+00,1.913793103448275801e-01
1.740000000000001101e+00,1.691829484902309111e-01
1.750000000000001110e+00,1.579640193067134712e-01
1.760000000000001119e+00,2.044769694360740464e-01
1.770000000000001128e+00,1.989459815546772148e-01
1.780000000000001137e+00,1.570101724900486440e-01
1.790000000000001146e+00,1.829484902309058691e-01
1.800000000000001155e+00,1.882404563405002118e-01
1.810000000000001164e+00,1.547169811320754651e-01
1.820000000000001172e+00,1.700710479573712131e-01
1.830000000000001181e+00,1.475930971843778250e-01
1.840000000000001190e+00,2.029183766529867872e-01
1.850000000000001199e+00,1.705532693187014059e-01
1.860000000000001208e+00,1.420664206642066330e-01
1.870000000000001217e+00,2.184377838328792065e-01
1.880000000000001226e+00,1.522458628841607542e-01
1.890000000000001235e+00,1.593281888334089902e-01
1.900000000000001243e+00,1.465235650956602798e-01
1.910000000000001252e+00,1.330210772833723687e-01
1.920000000000001261e+00,1.389543099387658964e-01
1.930000000000001270e+00,1.346899224806201445e-01
1.940000000000001279e+00,9.656545545047287571e-02
1.950000000000001288e+00,1.290780141843971551e-01
1.960000000000001297e+00,1.216674745516238554e-01
1.970000000000001306e+00,1.442835746380429218e-01
1.980000000000001315e+00,1.517207949587978666e-01
1.990000000000001323e+00,1.039603960396039556e-01
2.000000000000001332e+00,7.692307692307692735e-02
2.010000000000001119e+00,1.126331811263318050e-01
2.020000000000000906e+00,1.123829344432882432e-01
2.030000000000000693e+00,1.353495290034704979e-01
2.040000000000000480e+00,1.046330036439354488e-01
2.050000000000000266e+00,1.062726801451529257e-01
2.060000000000000053e+00,9.027777777777777624e-02
2.069999999999999840e+00,1.059255374934452015e-01
2.079999999999999627e+00,9.128630705394190359e-02
2.089999999999999414e+00,1.556016597510373467e-01
2.099999999999999201e+00,9.188911704312115181e-02
